61659751
61710125
63387978
63472817
63472819
63904807
63917550
63917726
63969151
63974350
63979022
88923802
89663291
91802380
91839441
91860257
91867514
93055872
93061535
93101559
93101559
93111656
93202076
93203935
93203940
93203970
93203976
93204143
93204158
93207029
93207647
93207773
93216973
93231886
93231891
93232134
93237265
93237319
93248094
93248244
93248675
93249062
93256803
93259366
93265067
93269936
93273575
93284424
93285493
93294692
93294693
93296592
93297346
93297349
93298481
93299237
93305392
93305828
93308008
93308159
93384367
93384369
93384372
93384373
93384378
93384379
93384380
93384381
93384383
93384385
93384324
93384326
93384330
93384331
93384334
93384335
93384337
93384341
93384298
93384306
93384314
93384315
93384317
93384319
93384320
93384322
93384238
93384245
93384249
93384250
93384251
93384258
93384262
93384263
93384269
93384272
93384273
93384275
93384276
93384285
93384179
93384180
93384183
93384184
93384187
93384188
93384198
93384199
93384201
93384202
93384138
93384139
93384142
93384144
93384147
93384159
93384169
93384176
93384077
93384081
93384082
93384088
93384089
93384091
93384102
93384106
93383995
93383999
93384009
93384010
93384020
93384021
93384031
93384039
93383966
93383973
93383974
93383982
93383944
93383945
93383947
93383949
93383952
93383956
93383806
93383811
93383813
93383828
93383779
93383782
93383783
93383788
93383790
93383794
93383796
93383800
93383617
93383638
93383644
93383663
93383666
93383680
93383484
93383493
93383495
93383504
93383506
93383515
93383516
93383536
93383447
93383448
93383451
93383454
93383455
93383459
93383463
93383467
93383468
93383469
93383472
93383481
93383383
93383385
93383386
93383389
93383391
93383395
93383404
93383405
93383306
93383307
93383312
93383313
93383259
93383263
93383264
93383267
93383268
93383275
93383053
93383062
93383070
93383074
93383011
93383015
93382994
93382767
93382769
93382771
93382773
93382774
93382777
93382782
93382783
93382785
93382787
93382668
93382670
93382673
93382674
93382675
93382676
93382677
93382678
93382679
93382681
93382682
93382683
93382684
93382686
93382687
93382689
93382690
93382693
93382694
93382696
93382697
93382699
93382700
93382701
93382703
93382704
93382705
93382707
93382709
93382711
93382712
93382714
93382715
93382724
93382730
93382732
93382608
93382610
93382613
93382617
93382276
93382277
93382280
93382281
93382286
93382287
93382296
93382297
93381985
93382002
93381968
93381973
93381975
93381979
93381981
93381983
93381905
93381922
93381873
93381875
93381883
93381884
93381886
93381889
93381633
93381637
93381641
93381642
93381644
93381645
93381648
93381649
93381652
93381659
93381577
93381580
93381545
93381552
93381390
93381393
93381400
93381402
93381403
93381404
93381408
93381409
93381412
93381416
93381417
93381418
93381427
93381428
93381236
93381245
93381214
93381216
93381219
93381221
93381225
93381227
93381230
93381232
93381166
93381167
93381168
93381169
93381172
93381173
93381175
93381177
93381181
93381182
93381184
93381190
93381141
93381145
93381151
93381014
93381015
93381019
93381020
93381025
93381030
93380976
93380983
93380984
93380994
93380996
93380998
93381007
93381009
93380928
93380932
93380934
93380935
93380943
93380944
93380954
93380956
93380957
93380959
93380961
93380962
93380968
93380906
93380910
93380911
93380914
93380916
93380919
93380922
93380926
93380887
93380893
93380617
93380620
93380646
93380649
93380503
93380533
93380399
93380400
93380405
93380406
93380409
93380410
93380417
93380422
93380423
93380428
93380430
93380431
93380434
93380439
93380440
93380441
93380447
93380448
93380450
93380457
93380278
93380283
93380286
93380317
93380200
93380201
93380206
93380211
93380212
93380213
93380214
93380216
93380220
93380222
93380224
93380225
93380229
93380230
93380233
93380235
93380236
93380241
93379826
93379827
93379830
93379831
93379832
93379835
93379838
93379839
93379651
93379653
93379552
93379553
93379556
93379557
93379561
93379562
93379565
93379569
93379572
93379573
93379406
93379410
93379417
93379422
93379428
93379431
93379116
93379082
93379046
93379015
93378775
93378777
93378778
93378779
93378768
93378722
93378729
93378730
93378735
93378736
93378739
93378740
93378744
93378745
93378749
93378667
93378675
93378676
93378680
93378681
93378685
93378686
93378689
93378690
93378695
93378639
93378642
93378643
93378644
93378647
93378648
93378651
93378655
93378607
93378608
93378563
93378568
93378482
93378483
93378484
93378487
93378490
93378492
93378493
93378495
93378498
93378499
93378500
93378502
93378504
93378507
93378508
93378509
93378510
93378513
93378514
93378516
93378521
93378522
93378524
93378528
93378529
93378534
93378536
93378541
93378545
93378548
93378290
93378306
93378311
93378315
93378279
93378280
93378281
93378286
93378230
93378233
93378238
93378241
93378245
93378248
93378250
93378251
93378091
93378095
93378099
93378103
93377977
93377979
93378007
93378012
93377907
93377911
93377913
93377914
93377917
93377923
93377822
93377824
93377825
93377826
93377829
93377834
93377844
93377845
93377851
93377853
93377744
93377745
93377748
93377749
93377752
93377754
93377757
93377758
93377759
93377762
93377763
93377764
93377767
93377768
93377771
93377772
93377775
93377776
93377781
93377782
93377621
93377609
93377613
93377589
93377555
93377511
93377520
93377522
93377523
93377524
93377528
93377533
93377536
93377321
93377237
93377248
93377209
93377231
93377059
93377060
93377066
93377067
93377071
93377086
93377050
93376946
93376949
93376953
93376956
93376957
93376961
93376965
93376970
93376972
93376974
93376880
93376882
93376884
93376886
93376892
93376895
93376902
93376903
93376907
93376910
93376914
93376915
93376929
93376930
93376738
93376739
93376740
93376743
93376744
93376748
93376777
93376778
93376707
93376715
93376595
93376600
93376603
93376607
93376608
93376609
93376614
93376620
93376621
93376624
93376518
93376478
93376485
93376486
93376497
93376500
93376501
93376471
93376438
93376439
93376441
93376443
93376446
93376448
93376449
93376452
93376453
93376460
93376357
93376358
93376359
93376366
93376375
93376376
93376246
93376248
93376252
93376256
93376258
93376262
93376142
93376149
93376156
93376159
93376164
93376165
93376035
93376052
93376061
93375883
93375844
93375845
93375847
93375853
93375857
93375858
93375864
93375868
93375828
93375837
93375794
93375800
93375801
93375803
93375809
93375813
93375814
93375820
93375821
93375825
93375622
93375536
93375539
93375543
93375545
93375564
93375565
93375566
93375575
93375576
93375585
93375587
93375588
93375590
93375591
93375249
93375251
93375261
93375262
93375269
93375272
93375165
93375182
93375189
93375197
93375081
93375083
93375086
93375104
93375006
93375016
93375017
93375028
93374918
93374926
93374931
93374940
93374802
93374808
93374809
93374813
93374818
93374819
93374820
93374821
93374824
93374826
93374829
93374830
93374831
93374835
93374836
93374837
93374840
93374842
93374777
93374778
93374781
93374782
93374785
93374786
93374796
93374801
93374655
93374667
93374625
93374629
93374597
93374603
93374604
93374609
93374562
93374568
93374569
93374574
93374442
93374450
93374451
93374457
93374396
93374170
93374171
93374173
93374174
93374175
93374179
93374184
93374185
93374187
93374189
93374191
93374194
93374195
93374197
93374201
93374204
93374209
93374211
93374150
93374153
93373847
93373743
93373744
93373746
93373747
93373749
93373750
93373643
93373646
93373670
93373674
93373572
93373579
93373518
93373524
93373525
93373534
93373535
93373536
93373539
93373541
93373544
93373545
93373548
93373549
93373550
93373551
93373554
93373556
93373561
93373562
93373563
93373565
93373368
93373378
93373142
93373152
93373153
93373157
93373055
93373060
93373061
93373066
93373067
93373070
93373079
93373082
93372979
93372984
93372985
93372988
93372989
93372997
93372998
93372999
93373003
93373009
93372954
93372873
93372877
93372883
93372885
93372813
93372818
93372819
93372821
93372827
93372828
93372835
93372841
93372770
93372774
93372780
93372781
93372782
93372788
93372789
93372796
93372798
93372588
93372594
93372597
93372608
93372609
93372571
93372573
93372492
93372493
93372500
93372502
93372507
93372508
93372511
93372513
93372516
93372523
93372524
93372401
93372165
93372167
93372191
93372193
93371904
93371906
93371932
93371935
93371484
93371486
93371487
93371490
93371491
93371494
93371497
93371498
93371415
93371418
93371421
93371450
93371308
93371309
93371311
93371316
93371262
93371264
93371265
93371267
93371017
93371020
93370727
93370739
93370762
93370764
93370628
93370629
93370631
93370632
93370634
93370635
93370636
93370637
93370638
93370643
93370644
93370649
93370652
93370656
93370661
93370663
93370449
93370454
93370461
93370466
93370360
93370361
93370364
93370371
93370373
93370378
93370339
93370342
93369892
93369714
93369732
93369738
93369747
93369634
93369636
93369639
93369640
93369643
93369644
93369645
93369650
93369651
93369656
93369371
93369374
93369375
93369376
93369378
93369380
93369386
93369387
93369393
93369394
93369397
93369399
93369402
93369403
93369181
93369182
93369183
93369184
93369187
93369191
93369192
93369194
93369195
93369001
93369011
93369015
93369040
93368976
93368979
93368988
93368995
93368736
93368738
93368739
93368746
93368748
93368751
93368535
93368540
93368544
93368552
93368553
93368556
93368563
93368566
93368521
93368525
93368379
93368395
93368341
93368345
93368002
93368005
93367953
93367956
93367958
93367959
93367962
93367968
93367912
93367915
93367919
93367895
93367901
93367902
93367904
93367907
93367908
93367909
93367578
93367608
93367540
93367546
93367454
93366742
93366751
93366753
93366758
93366766
93366767
93366711
93366714
93366717
93366721
93366726
93366729
93366678
93366681
93366455
93366459
93366461
93366464
93366466
93366467
93366468
93366470
93366471
93366473
93366475
93366477
93366479
93366481
93366482
93366483
93366485
93366486
93366351
93366353
93366355
93366356
93366358
93366359
93366361
93366362
93366365
93366366
93366368
93366369
93366371
93366372
93366375
93366376
93366378
93366379
93366381
93366382
93366384
93366385
93366386
93366387
93366389
93366392
93366393
93366394
93366395
93366397
93366400
93366401
93366402
93366404
93366405
93366407
93366408
93366409
93366410
93366412
93366270
93366274
93366202
93366203
93366206
93366207
93366215
93366223
93366225
93366233
93366234
93366238
93366109
93366004
93366007
93366013
93366015
93366016
93366028
93366036
93366042
93365901
93365908
93365911
93365917
93365918
93365925
93365926
93365933
93365934
93365935
93365879
93365883
93365885
93365892
93365851
93365708
93365715
93365730
93365625
93365626
93365630
93365631
93365633
93365635
93365636
93365640
93365641
93365645
93365647
93365648
93365615
93365620
93365404
93365405
93365406
93365409
93365321
93365328
93365007
93365008
93365013
93365014
93365016
93365020
93365032
93365034
93365037
93365040
93365043
93365051
93365052
93365053
93365056
93365061
93365070
93365077
93364958
93364965
93364946
93364951
93364915
93364918
93364922
93364924
93364925
93364927
93364928
93364932
93364933
93364934
93364935
93364939
93364847
93364850
93364851
93364859
93364862
93364866
93364626
93364628
93364629
93364630
93364632
93364633
93364635
93364636
93364638
93364639
93364640
93364642
93364643
93364644
93364648
93364649
93364651
93364652
93364653
93364655
93364657
93364659
93364660
93364662
93364664
93364665
93364667
93364668
93364671
93364672
93364673
93364677
93364678
93364679
93364681
93364682
93364683
93364685
93364686
93364688
93364690
93364692
93364693
93364695
93364697
93364698
93364700
93364701
93364704
93364705
93364706
93364710
93364711
93364712
93364714
93364715
93364716
93364718
93364720
93364722
93364724
93364725
93364727
93364728
93364730
93364731
93364733
93364734
93364735
93364740
93364741
93364742
93364744
93364745
93364571
93364576
93364581
93364584
93364397
93364402
93364406
93364413
93364414
93364418
93364420
93364424
93364310
93364313
93364314
93364317
93364319
93364321
93364322
93364330
93364142
93364144
93364153
93364155
93364091
93364092
93364095
93364097
93364053
93364058
93364061
93364062
93364066
93364067
93364070
93364071
93364012
93364017
93364020
93364021
93364024
93364025
93364029
93364030
93363963
93363963
93363967
93363971
93363972
93363975
93363976
93363979
93363981
93363922
93363930
93363898
93363808
93363812
93363813
93363814
93363816
93363823
93363826
93363842
93363712
93363716
93363717
93363718
93363720
93363727
93363730
93363760
93363635
93363636
93363643
93363652
93363545
93363546
93363553
93363571
93363497
93363498
93363505
93363530
93363211
93363219
93363090
93363094
93363098
93362868
93362869
93362876
93362877
93362881
93362882
93362887
93362888
93362805
93362806
93362813
93362814
93362818
93362819
93362824
93362825
93362741
93362742
93362749
93362750
93362754
93362755
93362760
93362761
93361983
93361985
93361986
93361988
93361989
93361991
93361992
93361995
93361996
93361998
93362000
93362001
93362009
93362012
93362015
93362016
93362017
93362018
93362019
93362022
93362023
93362024
93362027
93362028
93362029
93362034
93362035
93362036
93362037
93362039
93361723
93361736
93361741
93361749
93361677
93361587
93361594
93361595
93361601
93361602
93361613
93361620
93361622
93361539
93361543
93361466
93361469
93361471
93361475
93361477
93361481
93361486
93361487
93361381
93361355
93361357
93361358
93361360
93361308
93361317
93361322
93361323
93361337
93361338
93361263
93361264
93361185
93361190
93361193
93361205
93361152
93361153
93361154
93361158
93361160
93361163
93361167
93361170
93361173
93361174
93361077
93361081
93361088
93361091
93361048
93361049
93361066
93360726
93360727
93360737
93360738
93360741
93360742
93360745
93360746
93360750
93360751
93360754
93360755
93360759
93360760
93360763
93360764
93360610
93360613
93360617
93360618
93360619
93360622
93360623
93360632
93360505
93360506
93360511
93360512
93360516
93360523
93360524
93360525
93360532
93360533
93360329
93360333
93360336
93360338
93360342
93360343
93360344
93360352
93360356
93360358
93360364
93360365
93360532
93360533
93360329
93360333
93360336
93360338
93360342
93360343
93360344
93360352
93360356
93360358
93360364
93360365
93360366
93360367
93360368
93360371
93360302
93360148
93360152
93359898
93359901
93359807
93359812
93359816
93359822
93359615
93359617
93359527
93359530
93359532
93359539
93359543
93359546
93359549
93359553
93359481
93359484
93359486
93359493
93359497
93359500
93359503
93359510
93359427
93359430
93359432
93359439
93359443
93359445
93359446
93359449
93359251
93359227
93359233
93359194
93359199
93359194
93359199
93359203
93359207
93359156
93359158
93359159
93359162
93359163
93359170
93359171
93359172
93359175
93359184
93359186
93359187
93359120
93359121
93359125
93359126
93359129
93359130
93359137
93359142
93359049
93359074
93359080
93359083
93359088
93359089
93359093
93359097
93359101
93359108
93359003
93359004
93359007
93359014
93358910
93358916
93358809
93358815
93358817
93358819
93358704
93358707
93358709
93358716
93358681
93358682
93358685
93358686
93358552
93358554
93358556
93358557
93358560
93358567
93358571
93358576
93358582
93358583
93358584
93358586
93358587
93358590
93358389
93358393
93358399
93358404
93358406
93358412
93358413
93358416
93358350
93358355
93358360
93358365
93358371
93358373
93358379
93358380
93358276
93358281
93358286
93358291
93358297
93358299
93358304
93358305
93358198
93358201
93358202
93358204
93358206
93358207
93358209
93358213
93358214
93358218
93358223
93358225
93358226
93358227
93358138
93357881
93357884
93357887
93357890
93357868
93357854
93357820
93357835
93357778
93357782
93357790
93357794
93357795
93357803
93357691
93357697
93357702
93357703
93357711
93357712
93357715
93357717
93357600
93357630
93357399
93357406
93357330
93357341
93357229
93356957
93356959
93356965
93356969
93356769
93356770
93356773
93356774
93356776
93356777
93356778
93356780
93356603
93356604
93356607
93356608
93356612
93356613
93356616
93356617
93356620
93356622
93356554
93356555
93356558
93356559
93356563
93356564
93356567
93356568
93356571
93356573
93356457
93356464
93356415
93356422
93356353
93356354
93356358
93356365
93356351
93356352
93356247
93356220
93356225
93356079
93356082
93356085
93356089
93356090
93356095
93356104
93356107
93356109
93356111
93356053
93356054
93356057
93356058
93356062
93356063
93356066
93356070
93356074
93356075
93356019
93356022
93356026
93356028
93356032
93356034
93356037
93355989
93355990
93355991
93355997
93355998
93356006
93356009
93355651
93355660
93355584
93355585
93355591
93355592
93355597
93355612
93355532
93355538
93355539
93355545
93355546
93355551
93355515
93355527
93355486
93355487
93355490
93355491
93355494
93355495
93355496
93355499
93355502
93355503
93355505
93355508
93355509
93355511
93355447
93355448
93355337
93355083
93355089
93355090
93355092
93355093
93355115
93355047
93355050
93355051
93355069
93355072
93355076
93354985
93354986
93354991
93354992
93354993
93354999
93355000
93355005
93355007
93355008
93355017
93355028
93354654
93354660
93354664
93354676
93354677
93354680
93354622
93354631
93354634
93354637
93354570
93354584
93354601
93354525
93354526
93354528
93354533
93354534
93354535
93354538
93354543
93354544
93354547
93354562
93354563
93354374
93354379
93354385
93354386
93354391
93354408
93354414
93354415
93354416
93354419
93354349
93354356
93354090
93354074
93354078
93354083
93354086
93353960
93353961
93353968
93353978
93353980
93353982
93353985
93353986
93353893
93353894
93353901
93353911
93353913
93353918
93353931
93353934
93353935
93353842
93353844
93353851
93353753
93353759
93353717
93353723
93353692
93353695
93353696
93353697
93353699
93353707
93353644
93353649
93353666
93353670
93353587
93353591
93353594
93353604
93353423
93353427
93353445
93353446
93353456
93353457
93353313
93353314
93353326
93353327
93353330
93353331
93353341
93353346
93353292
93353265
93353266
93353271
93353272
93353273
93353277
93352394
93352396
93352401
93352402
93352285
93352293
93352111
93352080
93352084
93352085
93352086
93352089
93352091
93352096
93352099
93351942
93351943
93351950
93351951
93351956
93351958
93351959
93351963
93351927
93351932
93351897
93351901
93351904
93351908
93351914
93351917
93351919
93351920
93351729
93351740
93351592
93351597
93351598
93351601
93351602
93351609
93351610
93351614
93351617
93351618
93351079
93351083
93350986
93350997
93350940
93350941
93350942
93350943
93350949
93350953
93350961
93350966
93350967
93350978
93350920
93350921
93350926
93350929
93350839
93350842
93350843
93350853
93350854
93350861
93350868
93350869
93350875
93350876
93350877
93350881
93350887
93350895
93350900
93350901
93350601
93350604
93350553
93350555
93350557
93350558
93350565
93350566
93350569
93350573
93350574
93350579
93350580
93350582
93350583
93350584
93350588
93350589
93350590
93350592
93350531
93350535
93350377
93350378
93350379
93350380
93350382
93350383
93350385
93350386
93350388
93350390
93350391
93350393
93350396
93350397
93350398
93350400
93350404
93350406
93350407
93350409
93350410
93350411
93350413
93350414
93350416
93350417
93350419
93350420
93350422
93350423
93350348
93350349
93350352
93350355
93350298
93350302
93350303
93350304
93350308
93350309
93350314
93350315
93350316
93350317
93350320
93350321
93350264
93350268
93349534
93349536
93349538
93349542
93349459
93349461
93349465
93349472
93349474
93349412
93349414
93349418
93349419
93349424
93349445
93349317
93349323
93349325
93349328
93349224
93349174
93349176
93349182
93349184
93349185
93349187
93349193
93349195
93349052
93349053
93349013
93349018
93348642
93348646
93348648
93348653
93348613
93348615
93348618
93348420
93348426
93348339
93348343
93348347
93348362
93348261
93348267
93348276
93348247
93348250
93348204
93348218
93348182
93348183
93348189
93348190
93348067
93348070
93348044
93348048
93348049
93348053
93347843
93347846
93347723
93347726
93347728
93347730
93347622
93347623
93347624
93347626
93347628
93347630
93347631
93347633
93347635
93347637
93347638
93347640
93347641
93347643
93347644
93347647
93347650
93347652
93347655
93347656
93347658
93347659
93347661
93347662
93347664
93347667
93347668
93347670
93347672
93347674
93347675
93347677
93347679
93347681
93347682
93347684
93347486
93347494
93347495
93347502
93347504
93347511
93347512
93347520
93347528
93347439
93347443
93347446
93347447
93347402
93347404
93347409
93347410
93347414
93347418
93347423
93347428
93347429
93347115
93347117
93347118
93347119
93347120
93347122
93347123
93347125
93347126
93347127
93347129
93347130
93347132
93347133
93347135
93347136
93347138
93347139
93347142
93347143
93347146
93347147
93347148
93347151
93347152
93347154
93347155
93347157
93347158
93347160
93347161
93347162
93347164
93347165
93347166
93347169
93347170
93347172
93347174
93347175
93347177
93347178
93347180
93347181
93347183
93347186
93347187
93347188
93347189
93347192
93347194
93347195
93347045
93347046
93347048
93347049
93347057
93347058
93347060
93347063
93347064
93347065
93347070
93347071
93347077
93347078
93347083
93347084
93347090
93347091
93347095
93347096
93347098
93347104
93347109
93347027
93346647
93346653
93346654
93346670
93346677
93346687
93346689
93346435
93346447
93346449
93346380
93346358
93346360
93346307
93346249
93346203
93346209
93346093
93346097
93346098
93346102
93346116
93346126
93346131
93346132
93346075
93346020
93345578
93345579
93345593
93345598
93345602
93345604
93345605
93345610
93345611
93345613
93345614
93345619
93345620
93345622
93345626
93345508
93345488
93345490
93345502
93345505
93345403
93345098
93345099
93345107
93345108
93345110
93345119
93345120
93345121
93345131
93345132
93345137
93345138
93345143
93345154
93345167
93345168
93345169
93345176
93345180
93345181
93345190
93345193
93345195
93345200
93345201
93345206
93345209
93345210
93345214
93345217
93345225
93345228
93345229
93345230
93345231
93345232
93345233
93345234
93345235
93345236
93345239
93345244
93345245
93345250
93345254
93345255
93345256
93345261
93345268
93345272
93345279
93345280
93345015
93345024
93345025
93345030
93345037
93345038
93345046
93344747
93344757
93344762
93344763
93344688
93344693
93344589
93344325
93344326
93344347
93344364
93344365
93344375
93344067
93344078
93344099
93344105
93344121
93344122
93344140
93343763
93343764
93343767
93343768
93343772
93343786
93343547
93343549
93343552
93343557
93343560
93343561
93343437
93343388
93343389
93343396
93343398
93343404
93343413
93343330
93343333
93343338
93343343
93342955
93342956
93342960
93342965
93342966
93342970
93342971
93342974
93342888
93342889
93342890
93342894
93342895
93342896
93342897
93342898
93342899
93342903
93342904
93342908
93342909
93342910
93342913
93342917
93342811
93342812
93342813
93342816
93342817
93342825
93342826
93342829
93342830
93342835
93342840
93342841
93342548
93342558
93342568
93342579
93342580
93342581
93342605
93342606
93342644
93342646
93342523
93342527
93342530
93342531
93342538
93342539
93342546
93342547
93342460
93342461
93342462
93342463
93342470
93342471
93342472
93342473
93342480
93342481
93342482
93342483
93342484
93342489
93342494
93342498
93342417
93342422
93342432
93342437
93342443
93342448
93342449
93342454
93342380
93342385
93342386
93342389
93342390
93342394
93342329
93342333
93342334
93342337
93342338
93342343
93341555
93341556
93341558
93341559
93341565
93341570
93341571
93341573
93341578
93341579
93341584
93341585
93341586
93341588
93341591
93341424
93341428
93341244
93341247
93341248
93341253
93341254
93341259
93341261
93341262
93341263
93341268
93341273
93341275
93341229
93341242
93341161
93341165
93341166
93341171
93341172
93341175
93341180
93341187
93341108
93341112
93341113
93341117
93341118
93341125
93340998
93340999
93341003
93341004
93341005
93341007
93341012
93341013
93341018
93341019
93341032
93341033
93340986
93340993
93340940
93340942
93340948
93340950
93340955
93340958
93340959
93340966
93340973
93340976
93340977
93340981
93340896
93340897
93340898
93340899
93340901
93340902
93340904
93340908
93340909
93340912
93340915
93340917
93340920
93340921
93340922
93340924
93340925
93340928
93340929
93340937
93340804
93340805
93340806
93340807
93340810
93340812
93340815
93340816
93340818
93340821
93340825
93340830
93340539
93340552
93340458
93340459
93340460
93340463
93340465
93340466
93340467
93340471
93340473
93340475
93340478
93340481
93340484
93340488
93340382
93340087
93340088
93340089
93340090
93339968
93339972
93339973
93339976
93339913
93339920
93339922
93339923
93339680
93339681
93339656
93339657
93339662
93339670
93339611
93339616
93339585
93339590
93339592
93339593
93339597
93339602
93339563
93339564
93339567
93339573
93339576
93339577
93339529
93339489
93339497
93339461
93339462
93339465
93339468
93339477
93339484
93339406
93339407
93339409
93339410
93339411
93339412
93339414
93339415
93339419
93339421
93339422
93339424
93339425
93339427
93339428
93339431
93339432
93339434
93339435
93339437
93339438
93339440
93339441
93339442
93339444
93339445
93339447
93339448
93339450
93339451
93339452
93339453
93339454
93339456
93339340
93339351
93339352
93339355
93339359
93339365
93339239
93339144
93338975
93338986
93338896
93338897
93338901
93338909
93338912
93338916
93338663
93338670
93338673
93338684
93338606
93338607
93338613
93338615
93338618
93338625
93338629
93338630
93338330
93338331
93338339
93338341
93338349
93338355
93338358
93338359
93338363
93338364
93338365
93338366
93338367
93338373
93338375
93338380
93338387
93338391
93338392
93338393
93338400
93338411
93338412
93338415
93338416
93338421
93338428
93338430
93338436
93338442
93338443
93337864
93337870
93337778
93337424
93337426
93337429
93337434
93337436
93337437
93337442
93337443
93337448
93337456
93337352
93337353
93337361
93337362
93337370
93337380
93337381
93337384
93337385
93337389
93337399
93337400
93337402
93337403
93337413
93337420
93337295
93337301
93337302
93337305
93337309
93337310
93337311
93337314
93337321
93337101
93337103
93337106
93337109
93337042
93337043
93337046
93337047
93337048
93337052
93337053
93337057
93337060
93337062
93337069
93337073
93336981
93336984
93336968
93336971
93336974
93336680
93336681
93336686
93336687
93336688
93336691
93336696
93336697
93336703
93336704
93336708
93336709
93336711
93336712
93336417
93336418
93336422
93336425
93336426
93336428
93336429
93336435
93336440
93336441
93336442
93336448
93336453
93336454
93336455
93336456
93336457
93336458
93336459
93336462
93336463
93336464
93336467
93336468
93336469
93336470
93336471
93336472
93336478
93336487
93336488
93336500
93336501
93336505
93336506
93336507
93336511
93336512
93336513
93336518
93336519
93336520
93336521
93336522
93336523
93336524
93336525
93336529
93336530
93336533
93336534
93336535
93336536
93336538
93336539
93336540
93336541
93336543
93336544
93336573
93336574
93336575
93336576
93336577
93336578
93336579
93336580
93336581
93336582
93336583
93336584
93336585
93336586
93336587
93336588
93336589
93336590
93336591
93336228
93336232
93336238
93336241
93336242
93336248
93336130
93336133
93336134
93336139
93336157
93336162
93336180
93336181
93335983
93335984
93335987
93335988
93335992
93335993
93335996
93335997
93336000
93336001
93336007
93336018
93336019
93336030
93336031
93336042
93335906
93335908
93335923
93335924
93335928
93335929
93335890
93335891
93335893
93335895
93335863
93335865
93335868
93335873
93335874
93335875
93335880
93335881
93335885
93335886
93335737
93335738
93335572
93335573
93335578
93335579
93335581
93335585
93335589
93335590
93335517
93335534
93335535
93335541
93335542
93335549
93335412
93335438
93335441
93335442
93335448
93335365
93335368
93335369
93335372
93335373
93335374
93335377
93335378
93335381
93335382
93335385
93335386
93335387
93335390
93335391
93335394
93335395
93335403
93335310
93335311
93335312
93335317
93335322
93335323
93335324
93335329
93335330
93335335
93335337
93335338
93335267
93335271
93335182
93335187
93335087
93335091
93335093
93335098
93334854
93334855
93334861
93334862
93334869
93334871
93334876
93334877
93334881
93334886
93334617
93334621
93334622
93334626
93334545
93334547
93334551
93334569
93334358
93334362
93334363
93334366
93334219
93334231
93334234
93334237
93334182
93334188
93334194
93334196
93333886
93333891
93333892
93333898
93333899
93333904
93333907
93333914
93333643
93333647
93333649
93333653
93333654
93333657
93333658
93333662
93333666
93333669
93333554
93333566
93333512
93333539
93333274
93333275
93333289
93333300
93333211
93333213
93333214
93333217
93333218
93333226
93333227
93333233
93333237
93333240
93333123
93333131
93333132
93333140
93333141
93333156
93333072
93333079
93333080
93333083
93333085
93333089
93333090
93333093
93333095
93333096
93333099
93333101
93333102
93333108
93333109
93333110
93333111
93333114
93333018
93333019
93333020
93333022
93333023
93333049
93333050
93333051
93333052
93333058
93332995
93333002
93332969
93332979
93332921
93332926
93332846
93332853
93332854
93332857
93332861
93332862
93332865
93332866
93332870
93332871
93332874
93332876
93332877
93332880
93332884
93332885
93332888
93332890
93332893
93332894
93332897
93332899
93332807
93332808
93332815
93332816
93332822
93332823
93332830
93332831
93332838
93332839
93332842
93332843
93332773
93332783
93332682
93332683
93332691
93332692
93332703
93332727
93332550
93332586
93332383
93332405
93332368
93332220
93332232
93332176
93332177
93332178
93332181
93332192
93332193
93332206
93332216
93332104
93331957
93331958
93331964
93331982
93331870
93331871
93331878
93331879
93331880
93331888
93331890
93331895
93331896
93331897
93331898
93331902
93331777
93331711
93331720
93331608
93331612
93331613
93331647
93331565
93331569
93331573
93331574
93331580
93331581
93331588
93331589
93331490
93331492
93331493
93331494
93331496
93331497
93331498
93331501
93331502
93331503
93331287
93331292
93331299
93331303
93331250
93331253
93331254
93331258
93331260
93331264
93331265
93331269
93331184
93331186
93331187
93331217
93331133
93331146
93331147
93331160
93330990
93330991
93330993
93331000
93331001
93331002
93331004
93331007
93331008
93331009
93331012
93331015
93331016
93331017
93331019
93331023
93331024
93331025
93331026
93331027
93331028
93331036
93331037
93331045
93331046
93331053
93331055
93331062
93331063
93331065
93331068
93331072
93330896
93330901
93330902
93330909
93330859
93330864
93330810
93330815
93330818
93330823
93330824
93330828
93330832
93330833
93330750
93330765
93330632
93330641
93330623
93330553
93330554
93330557
93330558
93330565
93330568
93330455
93330456
93330460
93330462
93330466
93330467
93330471
93330473
93330478
93330479
93330481
93330482
93330485
93330495
93330501
93330505
93330086
93330087
93330094
93330035
93330043
93329754
93329756
93329762
93329689
93329407
93329410
93329411
93329414
93329415
93329419
93329420
93329423
93329362
93329367
93329368
93329374
93329380
93329386
93329390
93329393
93329397
93329402
93329215
93329216
93329219
93329220
93329224
93329011
93328787
93328788
93328794
93328796
93328807
93328817
93328505
93328526
93328088
93328025
93328028
93328035
93328036
93328042
93328048
93328051
93328052
93328053
93328056
93327930
93327938
93327877
93327878
93327883
93327884
93327886
93327889
93327890
93327893
93327894
93327898
93327899
93327902
93327903
93327906
93327908
93327911
93327912
93327915
93327916
93327920
93327921
93327924
93327861
93327865
93327866
93327868
93327821
93327822
93327826
93327829
93327834
93327838
93327841
93327842
93327791
93327797
93327799
93327803
93327804
93327809
93327813
93327815
93327756
93327759
93327761
93327763
93327765
93327767
93327770
93327775
93327710
93327752
93327693
93327476
93327491
93327423
93327424
93327427
93327431
93327360
93327362
93327241
93327244
93327232
93327237
93327139
93327145
93326949
93326955
93326890
93326891
93326894
93326895
93326899
93326900
93326903
93326904
93326907
93326908
93326913
93326918
93326823
93326824
93326828
93326829
93326832
93326835
93326715
93326717
93326719
93326720
93326723
93326728
93326729
93326732
93326733
93326734
93326741
93326742
93326745
93326750
93326753
93326755
93326629
93326634
93326594
93326595
93326602
93326603
93326605
93326609
93326610
93326613
93326616
93326619
93326625
93326626
93326360
93326365
93326334
93326337
93326338
93326341
93326342
93326350
93326353
93326357
93326081
93326084
93326085
93326086
93326089
93326091
93326092
93326095
93326098
93326099
93326102
93326107
93326110
93326113
93326115
93326120
93326121
93326124
93326127
93326129
93326132
93326133
93326134
93326135
93326136
93326141
93326144
93326145
93326147
93326149
93325903
93325913
93325920
93325921
93325933
93325937
93325653
93325657
93325663
93325667
93325677
93325679
93325681
93325702
93325705
93325706
93325708
93325729
93325735
93325736
93325513
93325476
93325486
93325393
93325394
93325401
93325402
93325403
93325414
93325419
93325420
93325271
93325224
93325227
93325228
93325231
93325232
93325233
93325236
93325240
93325242
93325243
93325249
93325259
93325071
93324828
93324833
93324836
93324837
93324654
93324616
93324617
93324621
93324622
93324624
93324627
93324628
93324632
93324636
93324637
93324639
93324641
93324644
93324647
93324648
93324649
93324455
93324457
93324458
93324461
93324462
93324464
93324470
93324471
93324472
93324473
93324474
93324479
93324480
93324483
93324484
93324485
93324488
93324489
93324491
93324493
93324124
93324128
93324134
93324137
93324138
93324144
93324055
93324062
93324065
93324066
93324069
93324070
93324074
93324075
93324078
93324079
93324082
93324084
93324087
93324088
93324091
93324092
93324096
93324097
93324113
93324114
93324115
93324118
93323976
93323984
93323991
93323992
93323994
93324004
93323809
93323859
93323861
93323879
93323880
93323881
93323884
93323885
93323888
93323890
93323893
93323894
93323897
93323898
93323900
93323902
93323903
93323904
93323905
93323908
93323909
93323911
93323913
93323914
93323917
93323918
93323921
93323923
93323926
93323927
93323791
93323648
93323653
93323668
93323675
93323612
93323617
93323645
93323563
93323505
93323509
93323516
93323520
93323434
93323445
93323446
93323457
93323458
93323469
93323470
93323482
93323405
93323409
93323412
93323416
93323419
93323426
93322988
93322995
93323002
93323010
93323016
93322968
93322798
93322800
93322804
93322805
93322807
93322808
93322809
93322811
93322813
93322814
93322816
93322821
93322833
93322834
93322835
93322836
93322837
93322838
93322839
93322840
93322841
93322842
93322846
93322847
93322849
93322850
93322851
93322863
93322588
93322591
93322592
93322595
93322596
93322597
93322598
93322603
93322604
93322608
93322609
93322615
93322616
93322617
93322620
93322621
93322219
93322220
93322228
93322229
93322000
93322005
93322006
93322015
93322016
93322024
93322025
93322029
93322037
93322038
93321951
93321952
93321960
93321961
93321970
93321971
93321974
93321975
93321976
93321985
93321989
93321993
93321800
93321801
93321804
93321805
93321809
93321810
93321813
93321856
93321704
93321706
93321707
93321712
93321720
93321722
93321677
93321680
93321685
93321694
93321564
93321585
93321437
93321444
93320953
93320961
93320962
93320980
93320981
93321010
93320901
93320902
93320904
93320906
93320907
93320918
93320625
93320626
93320627
93320631
93320633
93320634
93320635
93320641
93320654
93320673
93320678
93320679
93320549
93320553
93320554
93320562
93320563
93320564
93320565
93320570
93320571
93320579
93320580
93320588
93320589
93320499
93320505
93320508
93320509
93320448
93320449
93320452
93320453
93320456
93320457
93320463
93320465
93320469
93320472
93320473
93320479
93320481
93320487
93320489
93320490
93320406
93320409
93320410
93320411
93320412
93320414
93320418
93320419
93320420
93320424
93320438
93320439
93320440
93320444
93320381
93320389
93319809
93319811
93319812
93319817
93319833
93319834
93319835
93319839
93319859
93319867
93319868
93319876
93319877
93319895
93319906
93319908
93319909
93319944
93319945
93319948
93319949
93319954
93319955
93319960
93319772
93319777
93319778
93319781
93319782
93319785
93319719
93319723
93319724
93319727
93319728
93319732
93319333
93319335
93319336
93319337
93319339
93319340
93319342
93319343
93319344
93319345
93319346
93319347
93319348
93319349
93319351
93319353
93319354
93319355
93319356
93319357
93319360
93319367
93319368
93319375
93319376
93319382
93319383
93319390
93319209
93319212
93319213
93319214
93319103
93319104
93319105
93319106
93319107
93319108
93319110
93319111
93319113
93319114
93319115
93319121
93319122
93319123
93319124
93319126
93319127
93319128
93319130
93319131
93319133
93319134
93319135
93319136
93319138
93319139
93319140
93319142
93319143
93319150
93319152
93319153
93319157
93319158
93319163
93319166
93319167
93319172
93319173
93319174
93319175
93319177
93319178
93319180
93319181
93319183
93319188
93319193
93319198
93319202
93318966
93318970
93318711
93318714
93318717
93318718
93318742
93318743
93318773
93318774
93318787
93318788
93318807
93318808
93318555
93318563
93318564
93318570
93318571
93318579
93318580
93318587
93318589
93318596
93318598
93318612
93318614
93318622
93318630
93318631
93318632
93318639
93318640
93318643
93318648
93318649
93318552
93318203
93318204
93318209
93318210
93318211
93318213
93318214
93318230
93318232
93318233
93318238
93318239
93318240
93318241
93318249
93318250
93318251
93318258
93318265
93318266
93318175
93318185
93318186
93318188
93318014
93318019
93317986
93317960
93317963
93317697
93317704
93317439
93317269
93317274
93317278
93317282
93317283
93317286
93317287
93317291
93317292
93317295
93317298
93317302
93317055
93317058
93316893
93316896
93316870
93316873
93316875
93316876
93316877
93316879
93316841
93316856
93316857
93316862
93316638
93316644
93316648
93316674
93316493
93316497
93316281
93316285
93316286
93316297
93316298
93316299
93316300
93316303
93316311
93316312
93316315
93316326
93316359
93316365
93316366
93316370
93316371
93316374
93316375
93316376
93316377
93316382
93316383
93316388
93316389
93316390
93316395
93316396
93316402
93316403
93316404
93316408
93316411
93316413
93316416
93316417
93316420
93316421
93316425
93316426
93316429
93316430
93316431
93316432
93316437
93316438
93316439
93316441
93316442
93316443
93316447
93316448
93316275
93316276
93316277
93316134
93316167
93316174
93316175
93316176
93316190
93316201
93316210
93316211
93316225
93316022
93316023
93316011
93316013
93315997
93316000
93315888
93315889
93315895
93315896
93315897
93315898
93315899
93315902
93315906
93315907
93315908
93315909
93315915
93315916
93315917
93315921
93315922
93315929
93315930
93315931
93315932
93315937
93315944
93315947
93315948
93315951
93315952
93315953
93315955
93315956
93315957
93315958
93315963
93315964
93315762
93315765
93315651
93315379
93315389
93315391
93315394
93315396
93315400
93315402
93315403
93315408
93315409
93315415
93315416
93315417
93315418
93315421
93315429
93315430
93315431
93315432
93315433
93315436
93315440
93315443
93315444
93315446
93315447
93315455
93315457
93315465
93315471
93315475
93315476
93315477
93315324
93315325
93315326
93315333
93315194
93315079
93315080
93315082
93315083
93315085
93315087
93314809
93314812
93314813
93314814
93314833
93314834
93314841
93314842
93314846
93314848
93314849
93314854
93314855
93314857
93314861
93314862
93314867
93314868
93314869
93314870
93314871
93314877
93314887
93314888
93314889
93314900
93314902
93314906
93314652
93314660
93314622
93314629
93314632
93314633
93314393
93314396
93314246
93314247
93314250
93314269
93314084
93314086
93314087
93314089
93314090
93314093
93313339
93313095
93313098
93313102
93313103
93312899
93312903
93312779
93312790
93312698
93312705
93312537
93312540
93312541
93312545
93312549
93312550
93312556
93312557
93312563
93312564
93312569
93312571
93312573
93312576
93312577
93312583
93312511
93312420
93312421
93312162
93312170
93312184
93312185
93312199
93312201
93312216
93312227
93311998
93312042
93311860
93311865
93311417
93311418
93311423
93311424
93311229
93311236
93311240
93311251
93311127
93311131
93310997
93310998
93311001
93311002
93311005
93311006
93311008
93311009
93311012
93311013
93310909
93310912
93310847
93310468
93310470
93310456
93310460
93310427
93310439
93310440
93310443
93310406
93310283
93310292
93310298
93310265
93310162
93310166
93310143
93310145
93310025
93310026
93310033
93310034
93310039
93310040
93310046
93310057
93309971
93309975
93309900
93309907
93309908
93309911
93309943
93309947
93309768
93309769
93309772
93309773
93309776
93309785
93309789
93309790
93309727
93309732
93309733
93309737
93309738
93309743
93309744
93309748
93309757
93309380
93309204
93309209
93309162
93309164
93309165
93309180
93309181
93309182
93309191
93309192
93309085
93309086
93309089
93309097
93309102
93309103
93309109
93309110
93309115
93309116
93309122
93309123
93309127
93309128
93309132
93309136
93309137
93309142
93309143
93309147
93309027
93309028
93309031
93309032
93309033
93309034
93309038
93309040
93309041
93309042
93309046
93309047
93309048
93309049
93309050
93309054
93309055
93309056
93309057
93309058
93309059
93309063
93309064
93309065
93309067
93309068
93309069
93309070
93309074
93309076
93309077
93309079
93309080
93309081
93308922
93308924
93308925
93308926
93308852
93308738
93308748
93308760
93308763
93308765
93308729
93308734
93308709
93308717
93308723
93308726
93308677
93308679
93308681
93308682
93308625
93308493
93308498
93308430
93308442
93308451
93308403
93308408
93308238
93308241
93308159
93308008
93307813
93307861
93307863
93307864
93307693
93307597
93307600
93307557
93307558
93307560
93307578
93307580
93307583
93307508
93307509
93307513
93307514
93307366
93307370
93307373
93307376
93307378
93307384
93307385
93307389
93307390
93307397
93307400
93307404
93307405
93307406
93307410
93307411
93307421
93307425
93307332
93307335
93307336
93307342
93307332
93307332
93307335
93307336
93307342
93307332
93307335
93307336
93307342
93307259
93307261
93307165
93307022
93307023
93307027
93307028
93307031
93307033
93306986
93306988
93306952
93306953
93306957
93306959
93306964
93306965
93306969
93306970
93306815
93306716
93306717
93306719
93306740
93306647
93306659
93306582
93306594
93306595
93306600
93306606
93306619
93306496
93306506
93306507
93306511
93306463
93306464
93306466
93306469
93306488
93306490
93306386
93306411
93306286
93306291
93306292
93306293
93306294
93306302
93306303
93306304
93306308
93306313
93306314
93306316
93306321
93306245
93306247
93306249
93306252
93306253
93306255
93306256
93306259
93306260
93306268
93306202
93306224
93306237
93306239
93306157
93306159
93306162
93306163
93306166
93306167
93306121
93306122
93306126
93306127
93306132
93306139
93306042
93306059
93306065
93306076
93306077
93305991
93306004
93306010
93306014
93306024
93306038
93306039
93305970
93305971
93305931
93305933
93305934
93305936
93305937
93305943
93305852
93305853
93305876
93305828
93305759
93305768
93305777
93305710
93305392
93305312
93305316
93305305
93305279
93305236
93305237
93305177
93305178
93305181
93305182
93305185
93305186
93305190
93305191
93305194
93305195
93305199
93305200
93305203
93305204
93305207
93305208
93305209
93305210
93305215
93305216
93305224
93305225
93305230
93305232
93305177
93305178
93305181
93305182
93305185
93305186
93305190
93305191
93305194
93305195
93305199
93305200
93305203
93305204
93305207
93305208
93305209
93305210
93305215
93305216
93305224
93305225
93305230
93305232
93305088
93305091
93305012
93305013
93305014
93305020
93305021
93305025
93305026
93305042
93305050
93305051
93305052
93305056
93305062
93305063
93304967
93304915
93304919
93304920
93304927
93304693
93304694
93304703
93304704
93304713
93304716
93304719
93304720
93304732
93304739
93304618
93304624
93304477
93304479
93304481
93304486
93304487
93304492
93304494
93304495
93304421
93304447
93304450
93304462
93304306
93304307
93304311
93304315
93304327
93304342
93304343
93304345
93304346
93304351
93304354
93304355
93304356
93304360
93304361
93304362
93304366
93304367
93304371
93304372
93304377
93304378
93304382
93304383
93304385
93304387
93304388
93304396
93304397
93304398
93304402
93304403
93304408
93304409
93304413
93304414
93304265
93304273
93304296
93304297
93304230
93304231
93304237
93304240
93304243
93304259
93304260
93304226
93304229
93304202
93304167
93304172
93304175
93304181
93304120
93304124
93304133
93304136
93304139
93304140
93304158
93304072
93304078
93304079
93304086
93304088
93304096
93304097
93304100
93304101
93303994
93303966
93303802
93303805
93303694
93303697
93303600
93303611
93303653
93303543
93303545
93303547
93303579
93303580
93303581
93303584
93303588
93303594
93303521
93303522
93303525
93303529
93303541
93303542
93303409
93303343
93303349
93303390
93303315
93303261
93303264
93303108
93303110
93303122
93303123
93303130
93303131
93303137
93303142
93303143
93303151
93303062
93303065
93303068
93303069
93303074
93303075
93303081
93303082
93303088
93303103
93303018
93302985
93302773
93302774
93302778
93302779
93302781
93302784
93302785
93302789
93302790
93302795
93302796
93302800
93302803
93302804
93302805
93302808
93302809
93302810
93302820
93302821
93302824
93302826
93302827
93302828
93302832
93302833
93302838
93302839
93302844
93302845
93302660
93302664
93302600
93302601
93302606
93302609
93302613
93302614
93302625
93302629
93302649
93302650
93302654
93302655
93302657
93302658
93302514
93302516
93302566
93302042
93301997
93302004
93302005
93302011
93302012
93302019
93302020
93302030
93301952
93301911
93301912
93301916
93301921
93301925
93301926
93301824
93301825
93301756
93301762
93301615
93301562
93301568
93301569
93301575
93301525
93301528
93301569
93301575
93301525
93301528
93301454
93301190
93301194
93301095
93301101
93301040
93300988
93300871
93300874
93300875
93300879
93300880
93300885
93300886
93300890
93300891
93300892
93300896
93300900
93300901
93300902
93300907
93300909
93300910
93300911
93300825
93300832
93300718
93300720
93300723
93300725
93300448
93300449
93300453
93300454
93300459
93300460
93300464
93300489
93300405
93300410
93300411
93300420
93300421
93300430
93300432
93300433
93300339
93299719
93299724
93299563
93299565
93299566
93299568
93299575
93299576
93299581
93299582
93299588
93299589
93299592
93299593
93299594
93299595
93299524
93299525
93299527
93299533
93299540
93299541
93299542
93299546
93299548
93299549
93299442
93299448
93299333
93299237
93299195
93299202
93299178
93299179
93299103
93298642
93298481
93298367
93298368
93298373
93298374
93298379
93298380
93298383
93298389
93298255
93298256
93298259
93298260
93298261
93298264
93298268
93298269
93298272
93298273
93298275
93298278
93298223
93298249
93298166
93298170
93298174
93298176
93298086
93298091
93298094
93298104
93298105
93298108
93297675
93297676
93297684
93297690
93297691
93297693
93297697
93297698
93297701
93297702
93297705
93297707
93297710
93297711
93297714
93297715
93297719
93297727
93297729
93297730
93297581
93297582
93297583
93297584
93297587
93297590
93297591
93297592
93297594
93297597
93297599
93297600
93297444
93297445
93297450
93297451
93297453
93297457
93297458
93297473
93297474
93297475
93297483
93297484
93297486
93297489
93297375
93297377
93297346
93297349
93297161
93297164
93297190
93297192
93296908
93296913
93296923
93296926
93296825
93296839
93296841
93296842
93296863
93296871
93296872
93296878
93296780
93296786
93296684
93296685
93296688
93296689
93296700
93296705
93296709
93296715
93296719
93296721
93296724
93296729
93296645
93296592
93296165
93296177
93296180
93296181
93296189
93296212
93296213
93296214
93295886
93295892
93295790
93295794
93295818
93295821
93295302
93295308
93295211
93295214
93295215
93295228
93295231
93295233
93295234
93295243
93295246
93295250
93295251
93295252
93295256
93295264
93295268
93295269
93295273
93295276
93294966
93294890
93294894
93294897
93294902
93294912
93294918
93294856
93294864
93294798
93294801
93294802
93294803
93294692
93294693
93294626
93294270
93294274
93294199
93294111
93294115
93294124
93294125
93294097
93294109
93293965
93293475
93293476
93293318
93293324
93293263
93293268
93293086
93293095
93293102
93293021
93293025
93293026
93292899
93292500
93292508
93292397
93292402
93292403
93292412
93292413
93292424
93292425
93292440
93292449
93292450
93292452
93292456
93292358
93292370
93292332
93292344
93292305
93292306
93292232
93292244
93292183
93292189
93292103
93292108
93292111
93292113
93292078
93292080
93292018
93292029
93291845
93291857
93291725
93291728
93291729
93291730
93291733
93291734
93291753
93291754
93291755
93291759
93291770
93291780
93291544
93291545
93291548
93291549
93291553
93291554
93291560
93291562
93291566
93291570
93291485
93291490
93291365
93291369
93291338
93291348
93291247
93291273
93290633
93290639
93290640
93290643
93290644
93290650
93290651
93290652
93290653
93290656
93290485
93290488
93290490
93290491
93290493
93290494
93290496
93290498
93290500
93290501
93290503
93290504
93290506
93290507
93290508
93290510
93290511
93290512
93290516
93290517
93290522
93290524
93290525
93290527
93290528
93290530
93290531
93290533
93290534
93290536
93290537
93290538
93290539
93290541
93290542
93290543
93290546
93290548
93290549
93290086
93290093
93290094
93290101
93290102
93290108
93289970
93289674
93289675
93289589
93289597
93289466
93289467
93289470
93289472
93289426
93289446
93289269
93289272
93289273
93289274
93289246
93289249
93289196
93289200
93289201
93289205
93289105
93289107
93289111
93289113
93289130
93289134
93289000
93289022
93288689
93288694
93288567
93288571
93288582
93288513
93288514
93288518
93288554
93288557
93288564
93288506
93288511
93288404
93288405
93288409
93288410
93288415
93288431
93288391
93288393
93288233
93288234
93288236
93288241
93288242
93288247
93288261
93288262
93288093
93288094
93288034
93288038
93288044
93287920
93287924
93287925
93287928
93287907
93287891
93287899
93287631
93287634
93287551
93287508
93287509
93287510
93287511
93287425
93287427
93287404
93287410
93287411
93287417
93287110
93287120
93287128
93287131
93287135
93287142
93286903
93286910
93286645
93286650
93286432
93286447
93286449
93286453
93286457
93286464
93286465
93286480
93286279
93286284
93286271
93286273
93285840
93285861
93285707
93285709
93285714
93285715
93285493
93285168
93285171
93285154
93285155
93285031
93285032
93284837
93284839
93284840
93284424
93284270
93284276
93284282
93284063
93284066
93283944
93283949
93283759
93283763
93283404
93283347
93283356
93283161
93283165
93282845
93282859
93282862
93282863
93282821
93282824
93282838
93282841
93282552
93282560
93282495
93282508
93282398
93282402
93282384
93282390
93282359
93282363
93282364
93282368
93282291
93282293
93282238
93282242
93282133
93282135
93282113
93282124
93282076
93282080
93282070
93282073
93282036
93281835
93281837
93281790
93281767
93281769
93281656
93281662
93281497
93281515
93281438
93281442
93281395
93281328
93281331
93281047
93281059
93281025
93281026
93281029
93281031
93280995
93281000
93280989
93280992
93280421
93280377
93280286
93280255
93280259
93280225
93280250
93280191
93280194
93280154
93280157
93279952
93279955
93279579
93279584
93279489
93279471
93279475
93279478
93279482
93279484
93279485
93279486
93279487
93279419
93279421
93279422
93279423
93279179
93279180
93279181
93279193
93279092
93279102
93279034
93279045
93279046
93279048
93279050
93279058
93278966
93278967
93278877
93278883
93278398
93278408
93278409
93278410
93278419
93278420
93278429
93278430
93278439
93278440
93277615
93277632
93277640
93277642
93277377
93277395
93277227
93277228
93277234
93277236
93277144
93277146
93277147
93277148
93277131
93277133
93277090
93277110
93276947
93276952
93276767
93276770
93276735
93276741
93276676
93276682
93276685
93276686
93276561
93276578
93276579
93276582
93276583
93276586
93276589
93276592
93276593
93276596
93276597
93276601
93276602
93276605
93276606
93276609
93276611
93276614
93276615
93276618
93276619
93276623
93276624
93276627
93276628
93276631
93276430
93276439
93276387
93276389
93276393
93276407
93276411
93276414
93276420
93276426
93276333
93276334
93276337
93276339
93276350
93276365
93276317
93276318
93276319
93276324
93276262
93276269
93276274
93276145
93276146
93276127
93276130
93275621
93275622
93275626
93275627
93275632
93275662
93275593
93275598
93275423
93275429
93275437
93275440
93275221
93275226
93275159
93275164
93275133
93275136
93274710
93274714
93274715
93274722
93274730
93274741
93274702
93274705
93274458
93274463
93274465
93274477
93274154
93274155
93274117
93274121
93274122
93274123
93274056
93274018
93274019
93274022
93274023
93274026
93274027
93274000
93274006
93273967
93273976
93273770
93273771
93273772
93273774
93273781
93273786
93273673
93273677
93273655
93273664
93273638
93273639
93273575
93273562
93273568
93273500
93273532
93273099
93273103
93273109
93273042
93272928
93272939
93272785
93272816
93272669
93272678
93272680
93272689
93272619
93272213
93272160
93272165
93272184
93272190
93272103
93272112
93272113
93272121
93272122
93272132
93272137
93272147
93272067
93272073
93272045
93272055
93271581
93271584
93271454
93271458
93271324
93271328
93270690
93270691
93270589
93270597
93270616
93270435
93270469
93270328
93270256
93270259
93270266
93270272
93270122
93270123
93270131
93270132
93270133
93270142
93270144
93270145
93270156
93270157
93270169
93270170
93270181
93269936
93269786
93269814
93269708
93269711
93269708
93269711
93269546
93269548
93269520
93269530
93269531
93269534
93269535
93269536
93269470
93269473
93269354
93269355
93269326
93269266
93269267
93269269
93269270
93269272
93269275
93269278
93269279
93269280
93269283
93269284
93269285
93269287
93269288
93269290
93269291
93269293
93269295
93269296
93269298
93269299
93269301
93269302
93269304
93268768
93268769
93268779
93268780
93268790
93268791
93268801
93268802
93268812
93268813
93268636
93268649
93268429
93268430
93268405
93268419
93268220
93268239
93267578
93267584
93267587
93267592
93267596
93267616
93267533
93267553
93267134
93267137
93267139
93267141
93267143
93267144
93266822
93266733
93266738
93266739
93266742
93266753
93266754
93266765
93266766
93266767
93266777
93266778
93266779
93266790
93266794
93266805
93266806
93266808
93266809
93266474
93266478
93266386
93266402
93266347
93266350
93265916
93265920
93265928
93265929
93265953
93265956
93265775
93265776
93265777
93265785
93265649
93265650
93265651
93265655
93265450
93265453
93265457
93265464
93265289
93265297
93265298
93265308
93265262
93265267
93265067
93265022
93265034
93264945
93264948
93264949
93264955
93264854
93264855
93264867
93264868
93264789
93264384
93264387
93264254
93264263
93264264
93264265
93264278
93264280
93264291
93264292
93264234
93264247
93264004
93264008
93263991
93263781
93263784
93263790
93263793
93263674
93263677
93263652
93263660
93263661
93263664
93263566
93263572
93263362
93263368
93263373
93263388
93263303
93263305
93263310
93263311
93263157
93263141
93263112
93262928
93262929
93262930
93262933
93262934
93262935
93262881
93262873
93262803
93262825
93262833
93262346
93262358
93262253
93262258
93262245
93262250
93262237
93262239
93262240
93262241
93261802
93261805
93261432
93261341
93261355
93261165
93261173
93261176
93261179
93261149
93261157
93261063
93261065
93261066
93261069
93261070
93261071
93261073
93261074
93260958
93260963
93260874
93260880
93260768
93260771
93260776
93260778
93260779
93260782
93260783
93260786
93260792
93260793
93260799
93260801
93260804
93260805
93260504
93260507
93260508
93260509
93260512
93260513
93260518
93260519
93260520
93260526
93260528
93260534
93260535
93260542
93260543
93260549
93260550
93260551
93260557
93260558
93260560
93260565
93260572
93260574
93260281
93260283
93260285
93260287
93260189
93260195
93260075
93260078
93260081
93260082
93260040
93260047
93259889
93259890
93259893
93259899
93259551
93259584
93259366
93259273
93259182
93259185
93259186
93259189
93259107
93259113
93259117
93259124
93259026
93259031
93259039
93259042
93258876
93258890
93258730
93258736
93258741
93258742
93258710
93258717
93258375
93258376
93258377
93258401
93258261
93258039
93258040
93258043
93258044
93258047
93258048
93258049
93258053
93258261
93258039
93258040
93258043
93258044
93258047
93258048
93258049
93258053
93258017
93258029
93257868
93257874
93257881
93257883
93257892
93257896
93257588
93257469
93257472
93257382
93257386
93257387
93257391
93257393
93257395
93257399
93257400
93257277
93257285
93257172
93257175
93257180
93257183
93257135
93257141
93257142
93257147
93257148
93257154
93257010
93257012
93257016
93257017
93256997
93257004
93256983
93256984
93256985
93256988
93256990
93256803
93256639
93256648
93256650
93256662
93256625
93256451
93256301
93256302
93256304
93256307
93256309
93256311
93256313
93256314
93256316
93256318
93256320
93256321
93256322
93256324
93256325
93256328
93256330
93256331
93256258
93256199
93256200
93256201
93256202
93256204
93256205
93256207
93256208
93256211
93256212
93256213
93256215
93256216
93256218
93256219
93256221
93256222
93256223
93256225
93256227
93256229
93256231
93256232
93256233
93256235
93256236
93256237
93256239
93256240
93256242
93256244
93256246
93256247
93256249
93256251
93256252
93256253
93256254
93256181
93256183
93256184
93256190
93256191
93256194
93255907
93255673
93255676
93255665
93255670
93255599
93255604
93255605
93255610
93255611
93255615
93255620
93255622
93255480
93255481
93255396
93255268
93255194
93255197
93255198
93255181
93255185
93254996
93255008
93255009
93255018
93255025
93255029
93254801
93254802
93254805
93254806
93254809
93254810
93254814
93254846
93254789
93254793
93254711
93254716
93254723
93254725
93254726
93254493
93254512
93254517
93254518
93254524
93254525
93254530
93254542
93254429
93254441
93254446
93254447
93254453
93254454
93254460
93254465
93254357
93254361
93254362
93254370
93254377
93254380
93253573
93253428
93253431
93253433
93253434
93253435
93253436
93253437
93253441
93253443
93253444
93253445
93253447
93253449
93253450
93253452
93253453
93253454
93253456
93253457
93253459
93253461
93253462
93253463
93253465
93253466
93253468
93253469
93253471
93253473
93253475
93253476
93253478
93253479
93253480
93253482
93253483
93253484
93253485
93253382
93253384
93253385
93253386
93253388
93253390
93253391
93253393
93253394
93253395
93253397
93253398
93253400
93253402
93253403
93253404
93253406
93253407
93253409
93253410
93253412
93253414
93253416
93253417
93253419
93253420
93253421
93253423
93253424
93253425
93253426
93253369
93253372
93253374
93253375
93253376
93253377
93253378
93253250
93253253
93253255
93253256
93253257
93253258
93253259
93253263
93253265
93253266
93253267
93253269
93253271
93253272
93253274
93253275
93253276
93253278
93253279
93253282
93253283
93253285
93253286
93253288
93253289
93253291
93253292
93253295
93253296
93253298
93253299
93253301
93253302
93253303
93253304
93253305
93253306
93253307
93253191
93253194
93253196
93253197
93253198
93253199
93253200
93253204
93253206
93253207
93253208
93253210
93253212
93253213
93253215
93253216
93253217
93253219
93253220
93253223
93253224
93253226
93253227
93253229
93253230
93253232
93253233
93253236
93253237
93253239
93253240
93253242
93253243
93253244
93253245
93253246
93253247
93253248
93253132
93253135
93253137
93253138
93253139
93253140
93253141
93253145
93253147
93253148
93253149
93253151
93253153
93253154
93253156
93253157
93253158
93253160
93253161
93253163
93253165
93253166
93253167
93253169
93253170
93253172
93253173
93253175
93253177
93253179
93253180
93253182
93253183
93253184
93253186
93253187
93253188
93253189
93253073
93253076
93253078
93253079
93253080
93253081
93253082
93253086
93253088
93253089
93253090
93253092
93253094
93253095
93253097
93253098
93253099
93253101
93253102
93253104
93253106
93253107
93253108
93253110
93253111
93253113
93253114
93253116
93253118
93253120
93253121
93253123
93253124
93253125
93253127
93253128
93253129
93253130
93252990
93252992
93252993
93252996
93252999
93253000
93253001
93253004
93253005
93253006
93253007
93253009
93253010
93253013
93253014
93253015
93253016
93253019
93253021
93253022
93253024
93253025
93253026
93253029
93253031
93253032
93253033
93253036
93253038
93253040
93253041
93253042
93253044
93253046
93253048
93253050
93253051
93253053
93253054
93253056
93253057
93253058
93253060
93253061
93253063
93253064
93253066
93253067
93253068
93253069
93252907
93252909
93252910
93252913
93252916
93252917
93252918
93252921
93252922
93252923
93252924
93252926
93252927
93252930
93252931
93252932
93252933
93252936
93252938
93252939
93252941
93252942
93252943
93252946
93252948
93252949
93252950
93252953
93252955
93252957
93252958
93252959
93252961
93252963
93252965
93252967
93252968
93252970
93252971
93252973
93252974
93252975
93252977
93252978
93252980
93252981
93252983
93252984
93252985
93252987
93252824
93252826
93252827
93252830
93252833
93252834
93252835
93252838
93252839
93252840
93252841
93252843
93252844
93252847
93252848
93252849
93252850
93252853
93252855
93252856
93252858
93252859
93252860
93252863
93252865
93252866
93252867
93252870
93252872
93252874
93252875
93252876
93252878
93252880
93252882
93252884
93252885
93252887
93252888
93252890
93252891
93252892
93252894
93252895
93252897
93252898
93252900
93252901
93252902
93252904
93252596
93252597
93252531
93252533
93252536
93252171
93252174
93252017
93251853
93251881
93251690
93251695
93251707
93251708
93251720
93251723
93251730
93251756
93251422
93251423
93251427
93251432
93251433
93251437
93251438
93251443
93251408
93251410
93251412
93251415
93251027
93251031
93251041
93251046
93251047
93251054
93251066
93250483
93250472
93250408
93250105
93250122
93249984
93249998
93249945
93249949
93249962
93249973
93249573
93249579
93249439
93249443
93249315
93249318
93249321
93249322
93249062
93248827
93248836
93248708
93248709
93248710
93248712
93248675
93248268
93248271
93248244
93248094
93248067
93248069
93247848
93247868
93247803
93247831
93247564
93247569
93247570
93247576
93247577
93247582
93247521
93247522
93247529
93247530
93247504
93247509
93247513
93247518
93247372
93247376
93247377
93247382
93246551
93246573
93246576
93246577
93246479
93246487
93246489
93246497
93246505
93246546
93246444
93246452
93246454
93246462
93246223
93246227
93246125
93246134
93246135
93246144
93246145
93246153
93246155
93246163
93246168
93246177
93246178
93246186
93246074
93246083
93246084
93246093
93246094
93246102
93246104
93246112
93245870
93245884
93245885
93245900
93245901
93245917
93245918
93245925
93245941
93245942
93245957
93245958
93245974
93245975
93245990
93245991
93245992
93245999
93246014
93246015
93245804
93245806
93245821
93245822
93245837
93245839
93245854
93245855
93245861
93245789
93245750
93245752
93245648
93245652
93245667
93245669
93245684
93245685
93245700
93245702
93245717
93245720
93245721
93245728
93245734
93245743
93245744
93245612
93245613
93245628
93245629
93245645
93245586
93245589
93245515
93245521
93245537
93245538
93245553
93245554
93245570
93245571
93245476
93245479
93245487
93245368
93245370
93245371
93245378
93245382
93245383
93245394
93245395
93245406
93245418
93245423
93245424
93245435
93245436
93245447
93245448
93245459
93245460
93245312
93245313
93245324
93245325
93245336
93245337
93245348
93245352
93245356
93245357
93245189
93245200
93245206
93245207
93245214
93245215
93245222
93245223
93245229
93245231
93245233
93245244
93245250
93245251
93245258
93245259
93245266
93245267
93245273
93245275
93245145
93245152
93245153
93245160
93245161
93245167
93245169
93245175
93245050
93245051
93245060
93245061
93245070
93245071
93245080
93245081
93245089
93245092
93245101
93245102
93245111
93245112
93245120
93245121
93245122
93245130
93244996
93244997
93245006
93245007
93245016
93245017
93245026
93245027
93245037
93245040
93244906
93244912
93244913
93244920
93244921
93244927
93244937
93244939
93244940
93244941
93244873
93244900
93244788
93244811
93244703
93244704
93244717
93244718
93244719
93244731
93244466
93244472
93244473
93244480
93244484
93244491
93244492
93244499
93244500
93244506
93244508
93244514
93244515
93244521
93244522
93244535
93244354
93244355
93244129
93244136
93244147
93244148
93244018
93244029
93244033
93244035
93243990
93243991
93243992
93243995
93243996
93243999
93244000
93244001
93244002
93244009
93243941
93243949
93243967
93243968
93243918
93243919
93243920
93243924
93243901
93243905
93243800
93243803
93243835
93243843
93243844
93243882
93243739
93243774
93243546
93243573
93243334
93243342
93243343
93243351
93243352
93243360
93243361
93243369
93243370
93243371
93243383
93243391
93243392
93243399
93243400
93243401
93243408
93243409
93243417
93243418
93243111
93243119
93243120
93243128
93243129
93243137
93243138
93243146
93242951
93242952
93242953
93242959
93242846
93242850
93242821
93242826
93242717
93242635
93242615
93242619
93242624
93242583
93242588
93242391
93242397
93242239
93242245
93242125
93242129
93242132
93242135
93242136
93242140
93242035
93242045
93242026
93242029
93241899
93241900
93241903
93241905
93241908
93241910
93241147
93241155
93243334
93243546
93243573
93243334
93243342
93243343
93243351
93243352
93243360
93243361
93243369
93243370
93243371
93243383
93243391
93243392
93243399
93243400
93243401
93243408
93243409
93243417
93243418
93243111
93243119
93243120
93243128
93243129
93243137
93243138
93243146
93242951
93242952
93242953
93242959
93242846
93242850
93242821
93242826
93242717
93242635
93242615
93242619
93242624
93242583
93242588
93242391
93242397
93242239
93242245
93242125
93242129
93242132
93242135
93242136
93242140
93242035
93242045
93242026
93242029
93241899
93241900
93241903
93241905
93241908
93241910
93241147
93241155
93240951
93240974
93240750
93240758
93240766
93240516
93240511
93240381
93240387
93240324
93240278
93240153
93240164
93239881
93239889
93239843
93239854
93239777
93239778
93239779
93239781
93239782
93239784
93239786
93239788
93239789
93239791
93239792
93239794
93239774
93239717
93239739
93239663
93239667
93239668
93239673
93239674
93239678
93239679
93239684
93239540
93239546
93239548
93239556
93239564
93239568
93239488
93239529
93239447
93239456
93239326
93239046
93239053
93238527
93238534
93238410
93238412
93238416
93238417
93238387
93238395
93238365
93238368
93238283
93238290
93238207
93238131
93238012
93238023
93238024
93238035
93238036
93238047
93238048
93238059
93238060
93238071
93238072
93238083
93237896
93237897
93237909
93237910
93237914
93237915
93237858
93237860
93237862
93237864
93237820
93237827
93237829
93237844
93237818
93237803
93237666
93237672
93237398
93237405
93237406
93237409
93237414
93237415
93237420
93237423
93237424
93237432
93237433
93237437
93237438
93237445
93237446
93237449
93237324
93237328
93237319
93237265
93237057
93237059
93237061
93237063
93236961
93236971
93236972
93236982
93236983
93236993
93236994
93237004
93237005
93237015
93237016
93237026
93236837
93236846
93236725
93236736
93236737
93236748
93236749
93236760
93236761
93236772
93236773
93236784
93236785
93236796
93236691
93236693
93236650
93236652
93236654
93236663
93236614
93236615
93236619
93236620
93236624
93236629
93236632
93236550
93236559
93236560
93236568
93236570
93236578
93236579
93236588
93236589
93236598
93236599
93236608
93236470
93236477
93236479
93236480
93236444
93236452
93236465
93236467
93236401
93236405
93236407
93236408
93236410
93236411
93236417
93236419
93236258
93236259
93236273
93236274
93236288
93236290
93236304
93236310
93236325
93236326
93236340
93236341
93236355
93236357
93236371
93236372
93236386
93236387
93236093
93236098
93236099
93236100
93236102
93236103
93236107
93236108
93236114
93236116
93235943
93235944
93235948
93235952
93235953
93235958
93235959
93235963
93235965
93235967
93235968
93235971
93235892
93235811
93235778
93235760
93235762
93235763
93235764
93235765
93235766
93235770
93235771
93235517
93235518
93235523
93235525
93235530
93235531
93235537
93235551
93235214
93235215
93235217
93235218
93235219
93235221
93235222
93235223
93235225
93235227
93235229
93235230
93235232
93235233
93235235
93235236
93235237
93235239
93235240
93235242
93235243
93235245
93235246
93235248
93235249
93235250
93235252
93235253
93235255
93235256
93235258
93235259
93235260
93235262
93235263
93235265
93235266
93235268
93235269
93235271
93235275
93235276
93235277
93235279
93235280
93235281
93235283
93235284
93235286
93235287
93235289
93235290
93235293
93235294
93235127
93235128
93235129
93235131
93235133
93235134
93235135
93235136
93235138
93235140
93235141
93235142
93235144
93235145
93235147
93235148
93235150
93235151
93235152
93235154
93235155
93235157
93235158
93235160
93235161
93235162
93235164
93235165
93235167
93235168
93235170
93235171
93235172
93235174
93235175
93235176
93235177
93235179
93235180
93235181
93235182
93235185
93235186
93235188
93235189
93235191
93235192
93235194
93235195
93235196
93235198
93235199
93235200
93235204
93235205
93235206
93235207
93235209
93235210
93235212
93235021
93235023
93235025
93235026
93235028
93235029
93235031
93235032
93235033
93235035
93235036
93235038
93235039
93235041
93235042
93235045
93235046
93235048
93235049
93235051
93235052
93235054
93235055
93235056
93235058
93235059
93235061
93235062
93235064
93235065
93235068
93235069
93235071
93235072
93235074
93235075
93235077
93235078
93235079
93235081
93235082
93235084
93235085
93235086
93235088
93235091
93235092
93235094
93234940
93234942
93234943
93234945
93234946
93234948
93234949
93234951
93234952
93234955
93234956
93234957
93234958
93234960
93234961
93234962
93234964
93234965
93234966
93234970
93234971
93234973
93234975
93234976
93234977
93234983
93234986
93234987
93234990
93234992
93234993
93234994
93234996
93234997
93234998
93234999
93235001
93235003
93235004
93235006
93235008
93235009
93235010
93235013
93235014
93235015
93235016
93235018
93234886
93234887
93234891
93234912
93234805
93234812
93234813
93234815
93234817
93234820
93234824
93234828
93234829
93234830
93234722
93234724
93234568
93234571
93234520
93234521
93234524
93234525
93234529
93234531
93234538
93234539
93234547
93234548
93234556
93234557
93234558
93234560
93234444
93234360
93234363
93234262
93234263
93234223
93234241
93234063
93234069
93234044
93234047
93233916
93233917
93233920
93233922
93233924
93233926
93233908
93233914
93233695
93233650
93233657
93233370
93233378
93233334
93233337
93233172
93233174
93233181
93233184
93233185
93233188
93233153
93233154
93233155
93233156
93233159
93233160
93233163
93233164
93233168
93233169
93232954
93232958
93232959
93232963
93232926
93232930
93232774
93232777
93232750
93232765
93232740
93232746
93232720
93232721
93232725
93232728
93232730
93232732
93232616
93232414
93232418
93232419
93232422
93232423
93232426
93232429
93232433
93232438
93232443
93232444
93232446
93232450
93232134
93231886
93231891
93231773
93231634
93231642
93231643
93231654
93231655
93231661
93231662
93231669
93231670
93231683
93231686
93231687
93231623
93231632
93231578
93231581
93231585
93231586
93231589
93231590
93231454
93231408
93231411
93231357
93231342
93231347
93231350
93231351
93231243
93231247
93231146
93231148
93231153
93231154
93231156
93231157
93231166
93231167
93231174
93231175
93231183
93231188
93230865
93230837
93230854
93230695
93230662
93230668
93230598
93230413
93230415
93230416
93230419
93230420
93230421
93230424
93230425
93230428
93230429
93230304
93230234
93230237
93230240
93230242
93230244
93230245
93230247
93230248
93229882
93229883
93229884
93229890
93229891
93229892
93229894
93229895
93229836
93229839
93229840
93229841
93229842
93229843
93229846
93229848
93229639
93229645
93229574
93229530
93229533
93229399
93229102
93229103
93229105
93229106
93229107
93229108
93229110
93229111
93229112
93229113
93229116
93229117
93229118
93229119
93229121
93229122
93229123
93229124
93229125
93229127
93229128
93229129
93229130
93229132
93229133
93229134
93229136
93229137
93229138
93229139
93229141
93229142
93229144
93229146
93229147
93229148
93229149
93229152
93229153
93229154
93229155
93229157
93229159
93229160
93229161
93229162
93228903
93228911
93228835
93228840
93228606
93228610
93228579
93228580
93228482
93228489
93228436
93228443
93228367
93228374
93228168
93228190
93228048
93228051
93228031
93228038
93228044
93228046
93227992
93227999
93228000
93228004
93228014
93228016
93228018
93228021
93227642
93227646
93227534
93227537
93227495
93227498
93227365
93227369
93227175
93227176
93227181
93227183
93227122
93227130
93226984
93226991
93226964
93226965
93226970
93226978
93226903
93226904
93226907
93226914
93226915
93226918
93226921
93226922
93226813
93226823
93226738
93226741
93226700
93226703
93226622
93226624
93226625
93226626
93226468
93226471
93226302
93226308
93226314
93226318
93226319
93226337
93226198
93226241
93226173
93226184
93226150
93226152
93226154
93226157
93225959
93225963
93225964
93225970
93225971
93225991
93225915
93225917
93225802
93225805
93225807
93225810
93225837
93225841
93225747
93225755
93225761
93225799
93225703
93225707
93225698
93225571
93225502
93225529
93225243
93225289
93225225
93225229
93225157
93225161
93225042
93225052
93225053
93225097
93224984
93224986
93224920
93224924
93224926
93224928
93224771
93224789
93224762
93224767
93224711
93224712
93224713
93224714
93224604
93224606
93224607
93224609
93224565
93224571
93224578
93224585
93224540
93224415
93224419
93224319
93224321
93224331
93224332
93224115
93224119
93224122
93224125
93224129
93224130
93224069
93224077
93224053
93224057
93223838
93223844
93223581
93223588
93223443
93223447
93223470
93223472
93223155
93223159
93223160
93223162
93223122
93223124
93223054
93223055
93223060
93223062
93223064
93223066
93222972
93222973
93222974
93222975
93222976
93222978
93222979
93222980
93222982
93222983
93222985
93222986
93222988
93222989
93222990
93222991
93222993
93222994
93222995
93222997
93222998
93222999
93223001
93223002
93223003
93223005
93223006
93223007
93223008
93223009
93223010
93223011
93223013
93223014
93223015
93223016
93223017
93223018
93223020
93223021
93223022
93223023
93223025
93223026
93223027
93223030
93223031
93223033
93223034
93223036
93223037
93223039
93223040
93223042
93223043
93223045
93223046
93223047
93223048
93223050
93223051
93223052
93222898
93222899
93222900
93222902
93222903
93222904
93222905
93222907
93222908
93222909
93222913
93222914
93222915
93222917
93222918
93222919
93222921
93222922
93222923
93222924
93222926
93222927
93222928
93222929
93222931
93222932
93222933
93222934
93222935
93222937
93222938
93222940
93222941
93222942
93222943
93222944
93222946
93222947
93222948
93222949
93222951
93222952
93222955
93222956
93222958
93222959
93222961
93222962
93222964
93222965
93222966
93222968
93222970
93222971
93222890
93222897
93222826
93222827
93222828
93222830
93222831
93222832
93222834
93222835
93222836
93222838
93222839
93222840
93222841
93222842
93222844
93222845
93222846
93222847
93222850
93222851
93222853
93222854
93222856
93222857
93222859
93222860
93222861
93222863
93222864
93222865
93222867
93222868
93222869
93222871
93222872
93222873
93222875
93222876
93222878
93222879
93222881
93222882
93222883
93222885
93222887
93222889
93222726
93222752
93222465
93222466
93222494
93222495
93222519
93222520
93222547
93222549
93222577
93222596
93222597
93222600
93222625
93222626
93222653
93222654
93222432
93222436
93222444
93222446
93222064
93222066
93222095
93222096
93222126
93222127
93222158
93222159
93222189
93222207
93222208
93222238
93222239
93222256
93222269
93222270
93221994
93221995
93221913
93221921
93221925
93221926
93221794
93221796
93221775
93221779
93221621
93221622
93221584
93221586
93221592
93221598
93221429
93221430
93221397
93221398
93221400
93221403
93221389
93221392
93221184
93221192
93221127
93221130
93221138
93221173
93221088
93221106
93221039
93221044
93221024
93221030
93221032
93221034
93221036
93221038
93220942
93220981
93220773
93220783
93220740
93220741
93220748
93220756
93220726
93220727
93220729
93220733
93220342
93219935
93219937
93219894
93219898
93219912
93219766
93219770
93219763
93219765
93219759
93219761
93219754
93219757
93219687
93219691
93219696
93219717
93219643
93219649
93219652
93219654
93219658
93219665
93219305
93219306
93219308
93219309
93219310
93219312
93219314
93219315
93219317
93219320
93219322
93219324
93219326
93219327
93219328
93219330
93219332
93219334
93219335
93219337
93219338
93219339
93219341
93219342
93219344
93219345
93219347
93219348
93219351
93219352
93219354
93219355
93219357
93219359
93219360
93219362
93219363
93219365
93219366
93219368
93219369
93219371
93219372
93219373
93219375
93219376
93219378
93219381
93218811
93218812
93218813
93218814
93218306
93218309
93218214
93218215
93218220
93218222
93218224
93218226
93218095
93218101
93218106
93218108
93218117
93218128
93217892
93217904
93217906
93217907
93217847
93217860
93217827
93217761
93217765
93217352
93217354
93217355
93217357
93217360
93217361
93217299
93217301
93217303
93217309
93216973
93216790
93216432
93216434
93216436
93216437
93216439
93216440
93216442
93216443
93216446
93216447
93216449
93216454
93216455
93216458
93216460
93216461
93216464
93216465
93216466
93216470
93216471
93216472
93216475
93216476
93216478
93216479
93216480
93216483
93216484
93216486
93216487
93216490
93216491
93216492
93216494
93216495
93216497
93216499
93216501
93216502
93216503
93216504
93216505
93216509
93216510
93216511
93216512
93216515
93216516
93216517
93216519
93216522
93216523
93216524
93216525
93216528
93216530
93216531
93216532
93216535
93216536
93216541
93216543
93216544
93216546
93216547
93216549
93216550
93216149
93215908
93215910
93215912
93215917
93215918
93215931
93215716
93215717
93215719
93215720
93215722
93215730
93215731
93215735
93215742
93215751
93215707
93215710
93215676
93215679
93215688
93215689
93215690
93215692
93215499
93215502
93215503
93215508
93215465
93215468
93215469
93215473
93215437
93215440
93215441
93215445
93215415
93215416
93215419
93215420
93215425
93215428
93215429
93215433
93215172
93215174
93215068
93215072
93215074
93215075
93215077
93215081
93214842
93214848
93214849
93214854
93214855
93214861
93214567
93214481
93214482
93214465
93214470
93214308
93214279
93214280
93214283
93214288
93214290
93214292
93214294
93214079
93214080
93214086
93214087
93213983
93213609
93213544
93213374
93213375
93213379
93213380
93213385
93213387
93213388
93213389
93213273
93213276
93213269
93213272
93213193
93213199
93213123
93213135
93213008
93213028
93212799
93212811
93212753
93212756
93212696
93212717
93212639
93212588
93212589
93212593
93212594
93212599
93212601
93212605
93212607
93212405
93212415
93212418
93212421
93212423
93212426
93212428
93212429
93212430
93212432
93212434
93212436
93212437
93212440
93212442
93212443
93212152
93212155
93212165
93212167
93212168
93212170
93212171
93212173
93212180
93212186
93211959
93211966
93211973
93211977
93211931
93211945
93211829
93211834
93211841
93211846
93211426
93211429
93211261
93211262
93211263
93211264
93211267
93211099
93211100
93211101
93211102
93211104
93211043
93211049
93211023
93211028
93211030
93211031
93211032
93211034
93210747
93210749
93210754
93210765
93210767
93210577
93210581
93210554
93210446
93210447
93210449
93210452
93210311
93210315
93210281
93210289
93210298
93210299
93209970
93209973
93209974
93209977
93209978
93209987
93209988
93209990
93209991
93209993
93209997
93210000
93210001
93210003
93210004
93210006
93210007
93210010
93210011
93210013
93210014
93210016
93210017
93210019
93210021
93210023
93210024
93210026
93210027
93210029
93210030
93210031
93210033
93210034
93210036
93210042
93210050
93210052
93210054
93210056
93210057
93210059
93210060
93210062
93210063
93209915
93209916
93209917
93209919
93209920
93209922
93209923
93209925
93209926
93209928
93209929
93209884
93209885
93209889
93209891
93209894
93209895
93209739
93209742
93209744
93209745
93209747
93209748
93209750
93209751
93209754
93209755
93209757
93209758
93209760
93209761
93209764
93209765
93209767
93209768
93209770
93209771
93209773
93209775
93209777
93209778
93209780
93209782
93209784
93209787
93209800
93209801
93209806
93209808
93209809
93209811
93209812
93209814
93209816
93209818
93209819
93209821
93209822
93209824
93209825
93209828
93209829
93209831
93209832
93209834
93209835
93209838
93209839
93209841
93209842
93209844
93209845
93209847
93209849
93209851
93209852
93209854
93209855
93209857
93209858
93209859
93209861
93209862
93209864
93209865
93209867
93209868
93209870
93209871
93209872
93209874
93209875
93209877
93209878
93209880
93209733
93209738
93209682
93209683
93209687
93209688
93209692
93209697
93209699
93209702
93209661
93209634
93209635
93209638
93209639
93209583
93209565
93209568
93209474
93209478
93209284
93209226
93209227
93209075
93209077
93209080
93209087
93209092
93209095
93209098
93209105
93209106
93209107
93209108
93209109
93209113
93209114
93209115
93209116
93209119
93209121
93209122
93209124
93209125
93209127
93209128
93209129
93209133
93209134
93209135
93209137
93209138
93209139
93209142
93209143
93209144
93209145
93209147
93209148
93209149
93209152
93209154
93209156
93208824
93208826
93208827
93208828
93208830
93208831
93208833
93208836
93208840
93208842
93208843
93208845
93208846
93208849
93208850
93208852
93208853
93208855
93208856
93208859
93208860
93208861
93208863
93208864
93208645
93208653
93208623
93208629
93208524
93208481
93208435
93208437
93208412
93208423
93208244
93208257
93208137
93208139
93208140
93208142
93208143
93208147
93208150
93208156
93208158
93208159
93208162
93208163
93208165
93208166
93208168
93208170
93208172
93208177
93208178
93208185
93208186
93208187
93208199
93208200
93208201
93208203
93208204
93208206
93208207
93208209
93208210
93208212
93208216
93208217
93208070
93208071
93208082
93208085
93208086
93208087
93208090
93208091
93208095
93208096
93208099
93208100
93208101
93208111
93208112
93208113
93208114
93208014
93208015
93208017
93208018
93208019
93208020
93208023
93208024
93208026
93208031
93208033
93208042
93208044
93208045
93208047
93208049
93208051
93208057
93208059
93208060
93208062
93208064
93208065
93208066
93208067
93208068
93208002
93208005
93207939
93207943
93207944
93207946
93207947
93207949
93207952
93207959
93207960
93207985
93207986
93207988
93207990
93207998
93207790
93207795
93207773
93207647
93207601
93207603
93207606
93207609
93207615
93207616
93207540
93207544
93207547
93207548
93207550
93207553
93207480
93207483
93207487
93207029
93207019
93207022
93206753
93205993
93205996
93206000
93206006
93206008
93205881
93205882
93205885
93205888
93205899
93205902
93205810
93205814
93205815
93205820
93205821
93205825
93205759
93205762
93205570
93205573
93205513
93205524
93205419
93205422
93205396
93205398
93205399
93205400
93205401
93205403
93205404
93205406
93205045
93205047
93205051
93205052
93205053
93205055
93205058
93205059
93205061
93205062
93205064
93205065
93205067
93205069
93205071
93205072
93205074
93205075
93205077
93205078
93205081
93205082
93205084
93205085
93205087
93205088
93205091
93205092
93205094
93205095
93205097
93205098
93205099
93205105
93205106
93205107
93205108
93205114
93205115
93205116
93205118
93205119
93205121
93205122
93205125
93205126
93205128
93205129
93205131
93205132
93205135
93205136
93205138
93205139
93205141
93205142
93205144
93205146
93205148
93205149
93205151
93205152
93205154
93205155
93205156
93205159
93205160
93205162
93205163
93205165
93205166
93205169
93205170
93205172
93205173
93205175
93205176
93205178
93205180
93205182
93205183
93205185
93205186
93205188
93205189
93205190
93205192
93205193
93205195
93205196
93205198
93205199
93205201
93205202
93205203
93205205
93205206
93205208
93205209
93205216
93205218
93205219
93205221
93205222
93205224
93205225
93205228
93205229
93205231
93205232
93205234
93205235
93205238
93205239
93205241
93205242
93205244
93205245
93205247
93205249
93205251
93205252
93205254
93205255
93205257
93205258
93205261
93205262
93205264
93205265
93205267
93205268
93205271
93205272
93205274
93205275
93205277
93205278
93205280
93205282
93205284
93205285
93205287
93205288
93205290
93205291
93205035
93205038
93205040
93205042
93204868
93204872
93204873
93204874
93204877
93204879
93204684
93204695
93204698
93204704
93204706
93204720
93204722
93204723
93204725
93204741
93204743
93204744
93204746
93204748
93204750
93204752
93204754
93204755
93204757
93204758
93204760
93204764
93204511
93204514
93204143
93204158
93203970
93203976
93203935
93203940
93203804
93203808
93203810
93203811
93203813
93203825
93203827
93203828
93203829
93203831
93203833
93203835
93203680
93203685
93203686
93203693
93203623
93203625
93203628
93203630
93203645
93203648
93203649
93203651
93203656
93203659
93203662
93203666
93203488
93203494
93203496
93203505
93203476
93203480
93203255
93203258
93203262
93203263
93203268
93203269
93203270
93203274
93203276
93203280
93203281
93203283
93203291
93203292
93203293
93203294
93203295
93203297
93203298
93203299
93203162
93203236
93203041
93202786
93202794
93202575
93202577
93202579
93202580
93202446
93202458
93202374
93202377
93202334
93202337
93202076
93202007
93201880
93201881
93201885
93201886
93201759
93201762
93201465
93201469
93201473
93201474
93201477
93201482
93201486
93201492
93201495
93201498
93201502
93201503
93201506
93201507
93201510
93201512
93201515
93201516
93201519
93201521
93201525
93201526
93201529
93201530
93201534
93201536
93201539
93201542
93201547
93201550
93201553
93201556
93201559
93201561
93201564
93201565
93201570
93201573
93201576
93201577
93201580
93201584
93201585
93201590
93201591
93201595
93201596
93201600
93201601
93201602
93201605
93201607
93201610
93201613
93201616
93201618
93201623
93201624
93201627
93201629
93201633
93201634
93201635
93201639
93201640
93201642
93201643
93201645
93201647
93201648
93201649
93201652
93201653
93201657
93201660
93201661
93201663
93201666
93201667
93201670
93201674
93201681
93201684
93201687
93201690
93201694
93201699
93201702
93201705
93201706
93201710
93201711
93201714
93201716
93201718
93201720
93201721
93201724
93201725
93201728
93201252
93201255
93201258
93201261
93201239
93201243
93201138
93201140
93201048
93201051
93200442
93200459
93200275
93200084
93200085
93200091
93200092
93199995
93199997
93202007
93201880
93201881
93201885
93201886
93201759
93201762
93201465
93201469
93201473
93201474
93201477
93201482
93201486
93201492
93201495
93201498
93201502
93201503
93201506
93201507
93201510
93201512
93201515
93201516
93201519
93201521
93201525
93201526
93201529
93201530
93201534
93201536
93201539
93201542
93201547
93201550
93201553
93201556
93201559
93201561
93201564
93201565
93201570
93201573
93201576
93201577
93201580
93201584
93201585
93201590
93201591
93201595
93201596
93201600
93201601
93201602
93201605
93201607
93201610
93201613
93201616
93201618
93201623
93201624
93201627
93201629
93201633
93201634
93201635
93201639
93201640
93201642
93201643
93201645
93201647
93201648
93201649
93201652
93201653
93201657
93201660
93201661
93201663
93201666
93201667
93201670
93201674
93201681
93201684
93201687
93201690
93201694
93201699
93201702
93201705
93201706
93201710
93201711
93201714
93201716
93201718
93201720
93201721
93201724
93201725
93201728
93201252
93201255
93201258
93201261
93201239
93201243
93201138
93201140
93199282
93199290
93199195
93199196
93199152
93199130
93199135
93199141
93199142
93198773
93198776
93198643
93198644
93198646
93198648
93198625
93198462
93198463
93198472
93198473
93198365
93198367
93198369
93198371
93198372
93198374
93198376
93198378
93198380
93198383
93198384
93197913
93197915
93197917
93197919
93197920
93197922
93197924
93197926
93197928
93197931
93197932
93198773
93198776
93198643
93198644
93198646
93198648
93198625
93198462
93198463
93198472
93198473
93198365
93198367
93198369
93198371
93198372
93198374
93198376
93198378
93198380
93198383
93198384
93198365
93198367
93198369
93198371
93198372
93198374
93198376
93198378
93198380
93198383
93198384
93197913
93197915
93197917
93197919
93197920
93197922
93197924
93197926
93197928
93197931
93197932
93197755
93197756
93197758
93197760
93198365
93198367
93198369
93198371
93198372
93198374
93198376
93198378
93198380
93198383
93198384
93197913
93197915
93197917
93197919
93197920
93197922
93197924
93197926
93197928
93197931
93197932
93197755
93197756
93197758
93197760
93197341
93197342
93197295
93197296
93197253
93197254
93197256
93197092
93196931
93196932
93196936
93196943
93196462
93196240
93196248
93195977
93195726
93195730
93195627
93195484
93195486
93195487
93195490
93195491
93195492
93195494
93195495
93195496
93195499
93195500
93195501
93195503
93195504
93195505
93195506
93195508
93195509
93195510
93195512
93195513
93195515
93195522
93195524
93195525
93195527
93195530
93195533
93195535
93195536
93195538
93195539
93195540
93195541
93195543
93195544
93195545
93195546
93195550
93195551
93195553
93195554
93195556
93195557
93195558
93195559
93195560
93195562
93195563
93195564
93195566
93195567
93195569
93195570
93195571
93195572
93195573
93195574
93195575
93195578
93195579
93195582
93195583
93195584
93195337
93195345
93195347
93195355
93195356
93195365
93195123
93195124
93195126
93195129
93194926
93194927
93194934
93194935
93194939
93194940
93194948
93194949
93194957
93194883
93194672
93194585
93194593
93194133
93193384
93193405
93193059
93193062
93192969
93192981
93192982
93192986
93192990
93192998
93192935
93192938
93192930
93192933
93192595
93192600
93192604
93192605
93192530
93192531
93192534
93192537
93192538
93192481
93192495
93192172
93192173
93192181
93192182
93192187
93192188
93192193
93192195
93192039
93192040
93192043
93192044
93192046
93192047
93192048
93192050
93192052
93192053
93192060
93192061
93192065
93192067
93192068
93192069
93192078
93192079
93192080
93192081
93192085
93192086
93192089
93192090
93192093
93192094
93192095
93192103
93192105
93192107
93192109
93192110
93192112
93192113
93192115
93192116
93192117
93192119
93192120
93192122
93192133
93192134
93191993
93191962
93191974
93191954
93191957
93191653
93191654
93191656
93191658
93191568
93191570
93191572
93191574
93191554
93191560
93191422
93191432
93191433
93191437
93191438
93191441
93191445
93191447
93191331
93191333
93191338
93191339
93191340
93191341
93191343
93191347
93191348
93191354
93191359
93191361
93191362
93191363
93191368
93191369
93191377
93191379
93191380
93191382
93191383
93191385
93191386
93191388
93191389
93191390
93191300
93191302
93191304
93191305
93191307
93191310
93191313
93191316
93191318
93191320
93191322
93191324
93191328
93191330
93191237
93191239
93191248
93191251
93191253
93191255
93191263
93191265
93191268
93191269
93191274
93191275
93191281
93191284
93191285
93191287
93191288
93191290
93191291
93191294
93191296
93191298
93191221
93191225
93191230
93191231
93190944
93190955
93190597
93190600
93190603
93190605
93190360
93190363
93190254
93190256
93190259
93190261
93190226
93190235
93190202
93190212
93190216
93190221
93190062
93190069
93190022
93190026
93190018
93190021
93190009
93190010
93190012
93190017
93189884
93189894
93189899
93189907
93189789
93189796
93189798
93189805
93189807
93189808
93189810
93189818
93189620
93189623
93189624
93189625
93189627
93189628
93189630
93189631
93189633
93189636
93189637
93189647
93189648
93189649
93189650
93189660
93189661
93189662
93189663
93189665
93189667
93189668
93189669
93189670
93189673
93189674
93189675
93189677
93189680
93189681
93189687
93189689
93189523
93189526
93189528
93189530
93189531
93189534
93189536
93189537
93189538
93189541
93189542
93189551
93189552
93189555
93189556
93189581
93189582
93189592
93189593
93189595
93189597
93189598
93189600
93189602
93189603
93189605
93189607
93189608
93189610
93189613
93189614
93189615
93189617
93189618
93189421
93189426
93189428
93189429
93189431
93189435
93189436
93189437
93189447
93189448
93189458
93189459
93189466
93189469
93189470
93189471
93189472
93189473
93189474
93189484
93189485
93189488
93189495
93189496
93189506
93189507
93189508
93189519
93189387
93189388
93189393
93189397
93189400
93189401
93189276
93189279
93189287
93189292
93189296
93189298
93189018
93189021
93188590
93188595
93188596
93188600
93188601
93188606
93188607
93188611
93188612
93188617
93188561
93188562
93188034
93188036
93188038
93188042
93188043
93188046
93187689
93187482
93187486
93187487
93187492
93187493
93187497
93187498
93187536
93187219
93187232
93187234
93187251
93187254
93187255
93187257
93187258
93187260
93187261
93187263
93187265
93187267
93187271
93187273
93187274
93187277
93187278
93187280
93187284
93187287
93187288
93187290
93187291
93187293
93187294
93187296
93187298
93187300
93187302
93187131
93187150
93187151
93187152
93187156
93187157
93187160
93187161
93187164
93187166
93187169
93187170
93187173
93187174
93187178
93187179
93187180
93187185
93187186
93187195
93187196
93187197
93187199
93187207
93187208
93187217
93187009
93187013
93187014
93187015
93187016
93187019
93187020
93187021
93187028
93187030
93187032
93187034
93187035
93187038
93187039
93187040
93187041
93187045
93187046
93187057
93187058
93187065
93187067
93187068
93187071
93187072
93187073
93187074
93186801
93186804
93186776
93186790
93186692
93186694
93186703
93186704
93186713
93186714
93186722
93186358
93186363
93186365
93186369
93186372
93186373
93186376
93186377
93186379
93186381
93186382
93186387
93186065
93185834
93185858
93185860
93185861
93185863
93185869
93185743
93185753
93185755
93185756
93185757
93185759
93185760
93185762
93185770
93185772
93185777
93185784
93185786
93185787
93185790
93185801
93185802
93185805
93185806
93185807
93185809
93185813
93185675
93185686
93185689
93185693
93185694
93185695
93185699
93185700
93185701
93185704
93185706
93185707
93185709
93185710
93185718
93185719
93185723
93185724
93185726
93185727
93185634
93185639
93185320
93185206
93185209
93185135
93185144
93185016
93184976
93184988
93184968
93184969
93184971
93184973
93184888
93184893
93184898
93184900
93184901
93184906
93184878
93184535
93184538
93184539
93184543
93184544
93184547
93184548
93184549
93184552
93184553
93184473
93184482
93184484
93184503
93184504
93184508
93184509
93184510
93184511
93184514
93184515
93184530
93184235
93184238
93184244
93184246
93184149
93184160
93184163
93184164
93184166
93184174
93183981
93183982
93183984
93183986
93183987
93183988
93183989
93183896
93183903
93183904
93183905
93183913
93183918
93183872
93183866
93183869
93183862
93183865
93183832
93183851
93183694
93183702
93183703
93183708
93183709
93183710
93183714
93183715
93183716
93183720
93183721
93183725
93183727
93183731
93183735
93183739
93183743
93183745
93183747
93183748
93183663
93183666
93183653
93183657
93183658
93183660
93183661
93183662
93183530
93183532
93183539
93183541
93183542
93183546
93183548
93183556
93183557
93183560
93183011
93182439
93182131
93182036
93182041
93182042
93182046
93182047
93182052
93181777
93181780
93181781
93181784
93181785
93181789
93181790
93181793
93181698
93181699
93181714
93181727
93181484
93181491
93186358
93186363
93186365
93186369
93186372
93186373
93186376
93186377
93186379
93186381
93186382
93186387
93186065
93185834
93185858
93185860
93185861
93185863
93185869
93185743
93185753
93185755
93185756
93185757
93185759
93185760
93185762
93185770
93185772
93185777
93185784
93185786
93185787
93185790
93185801
93185802
93185805
93185806
93185807
93185809
93185813
93185675
93185686
93185689
93185693
93185694
93185695
93185699
93185700
93185701
93185704
93185706
93185707
93185709
93185710
93185718
93185719
93185723
93185724
93185726
93185727
93185634
93185639
93185320
93185206
93185209
93185135
93185144
93185016
93184976
93184988
93184968
93184969
93184971
93184973
93184888
93184893
93184898
93184900
93184901
93184906
93184878
93184535
93184538
93184539
93184543
93184544
93184547
93184548
93184549
93184552
93184553
93184473
93184482
93184484
93184503
93184504
93184508
93184509
93184510
93184511
93184514
93184515
93184530
93184235
93184238
93184244
93184246
93184149
93184160
93184163
93184164
93184166
93184174
93183981
93183982
93183984
93183986
93183987
93183988
93183989
93183896
93183903
93183904
93183905
93183913
93183918
93183872
93183866
93183869
93183862
93183865
93183832
93183851
93183694
93183702
93183703
93183708
93183709
93183710
93183714
93183715
93183716
93183720
93183721
93183725
93183727
93183731
93183735
93183739
93183743
93183745
93183747
93183748
93183663
93183666
93183653
93183657
93183658
93183660
93183661
93183662
93183530
93183532
93183539
93183541
93183542
93183546
93183548
93183556
93183557
93183560
93183011
93182439
93182131
93182036
93182041
93182042
93182046
93182047
93182052
93181777
93181780
93181781
93181784
93181785
93181789
93181790
93181793
93181698
93181699
93181714
93181727
93181484
93181491
93181277
93181099
93181106
93181071
93181074
93180778
93180782
93180421
93180422
93180424
93180426
93180400
93180404
93180346
93180349
93180352
93180355
93180358
93180359
93180271
93180273
93180279
93180283
93180284
93180287
93180289
93180293
93180197
93180200
93179980
93179983
93179989
93179991
93179882
93179897
93179592
93179566
93179570
93179521
93179526
93179105
93179110
93179017
93178957
93178960
93178961
93178964
93178965
93178966
93178969
93178970
93178972
93178975
93178896
93178908
93178804
93178812
93178790
93178748
93178752
93178757
93178760
93178641
93178643
93178648
93178649
93178635
93178636
93178638
93178639
93178476
93178479
93178470
93178471
93178473
93178475
93177741
93177249
93176732
93176734
93176436
93176441
93176258
93176262
93176264
93176270
93176284
93176285
93176186
93176192
93176193
93176194
93176200
93176201
93176208
93176209
93176216
93176217
93176220
93176221
93176222
93176227
93176228
93176232
93176233
93176235
93175973
93175977
93175978
93175983
93175984
93175988
93175989
93175994
93175926
93175957
93175699
93175701
93175702
93175705
93175707
93175708
93175711
93175714
93175721
93175545
93175587
93175189
93175193
93175194
93175198
93175200
93175204
93174586
93174590
93174591
93174597
93174529
93174531
93174532
93174533
93174536
93174537
93174552
93174554
93174558
93174560
93174561
93174563
93174291
93174292
93174299
93174302
93174303
93174306
93174309
93174312
93174313
93174314
93174074
93174075
93174079
93174080
93174085
93174086
93174090
93174091
93174096
93174105
93173909
93173913
93173915
93173921
93173922
93173924
93173936
93173938
93173943
93173945
93173947
93173948
93173950
93173951
93173953
93173954
93173956
93173958
93173960
93173962
93173887
93173889
93173890
93173895
93173896
93173897
93173901
93173903
93173904
93173907
93173672
93173637
93173640
93173642
93173643
